687884
989564
531762
656502
965846
618740
832834
768898
842307
678250
174229
225243
782800
474928
375361
127058
353589
517484
985844
116488
903363
801236
716114
238355
657928
641219
625854
688499
528175
657828
758201
169031
166407
164676
773986
858085
354840
835507
701174
246689
315460
509173
809555
138187
184032
284413
722767
452318
181230
888408
571299
916168
911275
572193
644813
719636
917039
242609
148882
843319
585606
163345
912368
937816
240817
623625
139249
943776
504124
549849
421760
514710
265599
423251
372782
878810
363586
232663
381175
638423
432635
588417
605809
412213
265007
375069
609136
519898
165064
103127
460365
432776
262938
694350
751509
194735
160596
598498
836446
274237
687484
573976
915059
273231
893009
488605
745714
899773
762587
979235
634496
135958
528351
923503
887958
207225
361665
332596
503953
387396
791295
152856
123473
409324
307927
802104
902374
383871
949603
331282
914952
265049
170714
550663
603449
348968
245244
322804
631132
296390
398808
877324
583710
700381
418052
306127
254436
912938
623901
274474
180078
418746
263425
787672
459837
554762
200201
220419
708867
838462
859134
874897
302503
544187
676914
225215
314570
853074
738096
674667
260161
827966
851083
570592
731736
885678
581024
557792
722293
571619
894240
480365
850515
915388
393564
945570
951513
924543
364107
880877
889869
826774
619974
875578
937161
922114
947941
292908
386185
229372
871244
105373
405443
782364
357908
203232
759346
497827
930880
657476
248582
624214
128198
616285
966401
938315
515565
230494
832900
976899
983748
883811
698996
542037
528925
665933
175277
741990
409317
196885
296561
576292
239254
461127
625942
364733
604005
685046
101715
129356
277245
841322
327529
838847
121920
399806
558525
435817
969462
194032
949618
589431
552111
646526
719767
419003
978098
430956
275974
192012
293844
822132
912911
173500
582546
936191
825485
560502
365256
388009
294777
297868
941834
253146
836440
179431
357090
851159
940147
710425
918490
332459
889518
314456
734068
480201
792046
169625
252908
437353
676538
207620
712779
880499
837259
438041
544743
119882
353178
805178
366954
122159
816588
442064
657802
324030
533862
845714
328319
617189
869455
634742
669403
887871
547276
389668
268931
619613
209130
890741
166674
151617
908542
549825
928915
946606
367442
233246
289379
475039
441467
521049
599852
191762
587106
185064
522844
178686
424588
349613
287916
190183
157935
889940
208153
659556
107902
608402
789024
687441
753015
301376
508718
359375
557591
937893
630899
873328
922609
251030
371188
184376
663423
291284
100015
367975
182870
543962
484286
157613
877923
746526
145383
525867
569674
612600
241343
473210
304128
856913
446023
582435
875918
353451
891348
477048
904898
494597
636032
754339
956370
658326
135175
877209
454419
401830
370031
549331
723269
786848
113198
522150
211709
131733
621165
190295
244490
252669
924459
749050
270147
351632
921995
734763
459208
784777
414594
687525
352842
565865
490098
622742
584317
103429
143843
745857
608056
365665
973196
843309
419536
941972
776394
815852
672483
460020
927795
120636
421263
262094
921298
730369
410505
358378
902446
688221
347495
689486
914552
753095
748247
270284
863820
438494
957485
489499
461292
705796
524325
760643
708865
809906
630351
673311
871654
689651
982439
478238
208760
972213
517588
928997
517596
167778
711275
810479
367597
130006
393414
227436
741705
132275
735316
740196
859920
590858
241220
202441
962787
509273
700117
484279
934104
840782
240935
807211
341740
277011
508625
593915
311508
683311
638261
406646
311339
551683
656207
520812
216895
888258
740217
324617
496474
680417
603119
202065
948229
630979
426834
293817
357876
559611
681503
840950
375394
679632
905607
711086
327243
529339
428442
316984
915544
315625
584949
824800
748909
605283
567580
524103
633426
155155
969162
546416
329517
952366
869834
711056
720314
613807
724874
759221
203756
575196
721688
309496
171425
801118
542362
599963
267179
884754
350536
499061
966453
910821
142786
978657
825557
866824
510699
358740
674226
943264
897057
128017
270688
451659
811931
460355
263213
823087
756168
188109
399098
353623
186280
268106
253463
752835
878180
563228
275201
695141
552977
796967
982600
482912
455824
610788
385828
534893
162301
467371
270778
155076
531639
380414
444532
737302
834154
455396
617715
698746
835292
673503
495830
667696
104523
525703
517010
215275
657616
799963
929372
520137
582974
928144
589513
132976
821258
620569
964840
816354
102196
109235
511123
279971
762813
266037
590438
375819
625532
674982
150718
194116
552912
598842
315519
600159
855829
239692
622404
304783
153877
188657
610561
178584
520474
832719
631711
135266
600018
285310
485202
248771
200921
616424
616564
254921
959981
149281
340220
821476
688017
530193
377044
504411
876037
548589
843605
883779
176965
303096
609543
160764
733331
683219
880478
499147
605600
494823
834211
508528
768327
239528
566407
611848
208950
568051
336757
230898
430523
185680
968851
716057
173080
713292
503196
253168
308491
377964
663043
199460
367528
783417
952477
936327
416140
569024
491274
598125
866279
351967
256462
755347
788066
784804
861212
707253
712720
793542
106611
522163
419472
768113
242231
987403
217189
433757
547304
852396
132882
141893
376371
902075
749815
518727
280422
243990
848837
618069
350249
183341
358243
428478
923346
947836
331237
153523
527186
249100
330460
596883
697996
843916
718428
429267
689453
362295
128355
556661
604204
428041
781257
647012
784110
895546
833840
572587
973964
246157
370655
229251
650938
167051
198684
829041
929818
822689
371510
195576
792531
220240
399005
585810
899976
578586
990624
336324
147774
222245
793496
235046
837793
413178
286188
851387
277032
876681
576786
431834
618548
297077
259441
426762
875985
581056
195454
547254
910630
533479
709244
877992
108717
806948
416208
814274
247341
480522
798731
914607
773176
741081
440937
607160
607358
349740
629858
483591
178120
816692
378462
928640
825540
582978
108643
473887
885089
593512
735616
389158
691337
516489
465476
820626
801318
301438
650174
827093
580014
681613
900808
162745
726158
739490
704277
200693
393113
568218
443153
961460
695934
383833
297244
351411
806858
709650
495274
327306
697056
331724
246380
522181
726175
126238
972460
164226
413653
165485
879988
356150
353217
558953
433934
819502
805738
792576
976195
852520
412619
786129
621024
523431
139367
222072
592139
169681
288557
158837
746172
506093
355658
182572
949359
722273
237627
116407
456647
944114
772676
438728
387118
618004
169339
846831
204946
775312
627069
407007
980499
275935
428854
939391
605148
993986
141637
575892
710627
723697
779562
962741
639483
248488
849286
974049
781521
590549
436381
551289
325971
763144
436368
332685
196621
353116
663003
424088
935200
368759
764146
167885
701792
725647
253204
907217
782004
610099
508994
502215
867048
680927
165181
268447
593117
409895
915651
319497
856212
375316
266657
207857
182169
468332
218088
238273
169822
859661
739232
863513
671123
990866
810958
319194
252082
952275
230451
114482
491769
815612
229526
761509
859377
456555
294693
678909
446367
970144
848702
156470
567694
642327
350676
152809
240518
998022
469214
646655
175318
522230
645027
722498
419407
572650
224331
761568
949983
410089
573786
426857
674256
559844
998689
892988
144076
165411
529036
729644
818715
172992
136657
571403
863646
200121
684142
204902
921180
543107
511573
641749
524098
550103
190710
919340
211233
236227
890970
428129
449383
362834
179751
323391
600576
663603
617052
363761
468274
147966
745456
160988
890830
769766
133751
346298
379090
689109
874360
275367
791985
954809
521623
344099
322188
173390
531289
795702
413633
737249
829999
828821
828347
962560
294464
441263
686574
567206
532452
539922
987572
355889
473358
998130
483081
604815
809433
782090
244640
969888
144306
435452
236886
258537
533703
866455
610782
280189
829916
330593
128932
351547
397260
956357
439673
977175
206857
491550
736808
629149
268582
147538
751086
291241
262952
928492
135955
483565
637961
763179
119436
961002
204335
405247
187706
821403
353175
747910
904979
958049
973579
984209
533431
798592
380723
233888
280398
732493
999866
861313
605268
309065
130946
889644
641317
467291
724498
745860
650756
709543
504695
246676
991052
339477
942417
165949
577811
557525
738422
752503
702009
780635
997290
768685
867332
958166
241527
866107
167467
884058
353298
128499
265549
488317
405854
489571
766768
145131
789692
205841
515367
517528
824416
590188
679852
997653
573410
404359
577175
676097
899402
830972
972645
588624
490290
252934
862318
383810
809823
138969
743183
664192
619575
462272
976863
373350
517468
717721
247562
578465
748474
489193
722153
922294
365284
861310
553142
867418
599518
879765
211499
199099
607350
206824
836701
954866
580862
533649
861842
489227
387906
362670
122895
587606
490179
183179
345405
674367
612833
561623
295819
712498
655371
865818
711772
154670
916589
789580
128606
274648
400502
549627
293888
651314
180680
650312
436386
632626
206123
740333
466136
209642
486184
554889
528794
276120
844179
637409
494899
309057
885543
114973
656539
692953
683861
880577
353573
241697
115077
602889
840392
888648
995068
336627
737676
809633
539215
802499
357349
698122
247637
952120
326641
308065
414525
417466
348285
465708
228445
594534
810802
395681
525594
489738
872368
998304
710029
559282
561360
384742
273710
846015
887495
513502
659802
633486
251340
182803
320964
303288
236706
833657
194419
251555
192667
497064
697852
220559
365461
239672
284404
566489
184676
307525
337743
594763
170482
252579
308835
761763
632702
577643
448150
331438
828159
495750
227707
804152
225025
727171
657933
729826
278294
471904
852196
368988
117021
865863
561768
947247
325713
923457
119521
577277
595490
691223
404323
858479
661485
125110
911716
784898
645318
215780
145829
828390
784691
759887
593226
442507
893661
652787
637255
599210
199391
999949
458098
127835
811116
271136
776463
175536
589312
354417
920883
956801
705920
814529
923498
800070
929968
642831
712685
200802
429007
813187
877319
500358
262382
348050
119810
943215
963293
912863
268899
219804
281351
559125
628197
472154
549840
272272
969282
755085
897480
925123
202117
920847
352348
355682
591047
719667
539591
833900
691827
658485
107306
490125
186068
302823
529775
561754
711336
926880
943397
433121
660487
449586
177085
531918
574132
841692
243845
215343
910537
776225
680541
875600
410754
946738
783684
941201
422012
259218
277701
413466
621414
764891
103373
998149
816847
294317
671711
979378
343653
918699
247855
117631
328327
756696
964763
421799
278664
397476
985310
136420
193074
138380
742675
223495
203799
393439
639116
376732
670001
148772
783778
725532
118835
753801
921697
235208
865162
493513
429096
513272
401383
959252
496342
263253
586886
983600
189161
981495
819140
125689
746633
154263
368144
332044
220571
561700
699806
652222
147095
510909
293099
892131
137678
637213
801050
294774
240382
509917
707633
797085
257352
423765
913159
746681
946263
892638
548058
928208
757103
605369
209827
897100
844540
410506
387738
226970
114883
935892
305932
574239
826862
305556
546973
683805
831503
892177
906721
548196
551075
335683
176190
786304
878698
268938
746701
393434
558828
135785
319472
423999
350887
998418
825780
123738
363285
568556
724146
216475
120371
465646
981261
488711
711738
493728
432451
202528
634555
229628
678937
922070
197416
213479
173894
900567
615984
408338
846668
172273
651816
510435
417915
699785
304727
127146
941347
177617
466094
412567
812714
122232
249508
897459
577881
844018
632869
697148
991345
760210
619402
256006
297820
132907
551911
872806
249184
846010
802558
439114
579721
270510
154723
893949
983406
527616
276252
359393
853200
141198
390545
613610
121474
108117
618125
397422
981106
581160
143383
212692
445423
411828
998185
516109
387451
802402
524477
617076
764445
705886
235758
201343
519891
940688
804781
909302
722021
501494
462906
839702
997000
400797
107143
464108
335472
228518
922635
699592
664913
136600
519778
847217
388914
189012
277526
179559
703547
528693
369019
632438
642201
919110
847165
426093
439799
390983
766463
413064
163702
611791
152276
270276
733443
768878
508449
349731
471375
961784
750412
664300
621404
602168
414386
783448
567810
783980
513158
279440
835230
535040
841348
764314
294476
639277
379448
406291
634928
197738
233061
779992
982829
729257
619885
269013
191680
122224
115574
843903
506242
147743
600241
436166
535628
819858
491722
930381
380172
868327
574330
554095
681625
198456
591600
103120
341047
326038
984268
627221
261679
240045
260721
337993
294788
487577
559958
219429
265236
617962
365016
856202
206218
540140
152626
762631
819074
817307
820544
326074
689088
525330
547716
572634
852172
866684
859205
267526
401350
408066
766006
838504
664133
530378
785550
806732
382416
787701
940668
465620
537623
145406
910829
274156
240402
860891
709282
608783
888703
118087
787531
787225
148276
553070
555468
365248
253222
316759
740829
698577
702185
130786
900601
288366
548094
626427
429386
889437
762767
405897
324909
902195
981102
517721
477008
229314
802658
320258
146363
800688
517380
133288
664684
779343
886988
999381
814996
673425
987962
606457
507891
872085
738949
610681
395361
548410
537018
779697
538646
251874
160708
687349
992394
385121
344910
450117
100893
709104
319214
600380
968001
825159
487477
679715
505934
380816
891825
400434
298988
874066
734651
367617
477444
366289
656673
254883
322379
683929
225961
250862
245174
954407
973294
686599
990551
911427
431795
873204
635772
875763
441399
275609
347397
848176
309443
176202
985460
849792
475293
220343
328724
228583
218979
807417
196544
865929
777222
338940
918677
774854
137266
916363
582371
706130
745281
828778
111556
824150
616694
640373
811398
506146
340653
904685
516889
882952
664253
736575
300685
583759
627157
996322
703500
646118
150422
616137
277140
884568
826934
607904
523828
509268
600120
204872
418245
843236
993632
497051
480911
129836
246015
683603
135558
111953
292599
599541
890146
983229
265696
245176
985098
172391
841755
395290
251569
436453
849256
467980
600748
852668
202302
434820
412571
877082
115309
898824
127844
962210
708153
537198
216334
460825
961532
117168
640148
623032
960890
131073
333115
215947
257410
489541
263037
567872
926676
216431
289745
329121
595272
613920
819740
315089
572901
851137
582727
387395
765796
902771
761358
127183
652281
233052
631004
842642
901911
701842
665173
906533
985648
414721
125424
785755
640566
442118
662943
324381
129493
771823
497804
538275
306319
772188
332825
744952
698000
895542
754834
277527
191569
948292
805071
367646
963777
935083
209046
365055
606435
126036
274916
410872
229380
114604
748676
277227
549017
846314
520185
477862
181952
424100
246415
205192
407383
993628
422286
353031
134436
144761
871298
106034
713575
769524
552693
516756
448184
906391
386135
291635
587468
858351
320128
657606
635239
919313
672730
102953
242456
264985
908491
594986
308751
250778
639873
505537
897109
989217
999697
727692
420531
570561
218320
530376
756424
888856
897229
321216
947394
108994
961100
950393
109223
314546
437429
152835
671745
648675
831226
738842
605091
938431
666952
199669
281404
540606
776666
897367
830749
833137
454834
171369
758989
807589
389117
906434
210562
650240
134009
182216
360480
220545
135439
809870
921812
368429
621969
206514
119986
300155
688783
795735
974555
274278
476656
620603
637434
907628
483322
149893
733459
144186
220979
220521
628887
366450
656480
598600
750035
617655
603942
524874
987737
427939
863477
965134
340982
137471
764306
165226
111069
737611
612155
863502
483851
933592
340154
614039
117280
728231
475111
746880
694956
144787
421924
578201
819153
335833
896790
130481
286588
372540
409043
995549
313779
156911
770968
526640
966890
162356
488488
566073
392315
654405
834395
905130
801661
670248
698664
369931
653902
473830
825858
522350
876033
486122
414193
246557
798556
681235
852494
888302
578246
682744
109507
592369
439645
494202
307262
420523
425130
462073
325634
494852
427693
328982
966410
190515
330767
358500
244863
225852
215060
639222
360818
500566
153490
888151
739269
582738
564531
568471
189077
468728
575148
802280
260921
100915
182662
651930
635907
452323
263511
432004
774498
459122
239939
268211
220142
556511
792219
375560
767897
215673
141175
916515
449173
422959
867201
553885
749668
749528
192412
722703
274303
900550
333505
472799
590491
363449
623235
779284
793050
850203
174702
978118
761060
505812
131002
942889
886077
988828
760188
256037
816907
387332
612576
733770
864141
432316
633224
347955
319376
620522
186309
742104
531845
246777
901605
959399
259547
406472
990091
377952
460274
697387
498209
150965
738542
973105
212442
749265
287562
535390
424539
424252
104848
581843
836104
830017
225635
167243
710090
684953
330485
126779
165985
277650
458140
832785
846003
693643
585568
427173
587016
472413
401684
619921
882003
923353
159984
214965
846875
943003
115015
460066
806193
337515
371001
645580
117933
892088
320985
664265
943675
608955
180613
422425
896910
360621
789008
421819
610402
192387
294667
251591
798839
933003
352240
343956
621625
719192
666422
299368
951690
304969
581903
933085
821081
345257
885761
176864
416915
998333
298587
429316
608129
698944
574222
545440
127608
597525
692741
726496
120476
432847
545345
326061
470167
468702
135672
223915
966502
837386
769537
774663
533658
119593
891051
891221
149321
110401
304792
309634
695891
560955
783153
114696
495681
857219
186225
241917
221691
483346
550120
476091
129063
745875
912554
469625
349353
418405
835477
192879
456584
783434
334998
374072
952821
418486
394245
696986
956903
622327
811538
157845
264997
198821
422831
519208
268613
671006
840359
339765
376269
986527
795656
549816
775279
972980
810545
577035
121779
728117
360352
774553
479330
563698
979691
193622
356190
131611
378037
987813
792641
275561
447064
983505
400230
479883
855329
833063
117554
828236
891411
637551
182930
658137
550720
666583
304866
649661
308798
145990
839382
122176
198631
829733
851424
904132
231470
144241
239806
741022
351549
434050
976038
913630
553833
785833
152984
479426
368513
237195
958466
779303
211778
381759
541597
343071
145251
109850
950050
641406
166277
680674
417736
390219
524222
829895
882020
304317
434895
761748
370813
178545
762915
193503
150325
780532
163097
620075
774712
456560
386645
763770
151044
267057
617859
420377
676077
552337
832448
585783
453034
513192
848694
920563
974714
257911
810687
265390
516525
175346
100046
879461
500951
336288
450111
902312
232955
792173
508714
300783
439397
825326
584279
371216
650337
865648
554152
735644
865473
318033
545188
395202
569151
819480
442697
499108
847760
520272
151024
842377
951810
515652
807679
998655
309914
889349
177877
328040
422872
309648
924385
401444
176027
738402
408960
495482
216161
254235
236823
994708
586472
321535
897600
250965
182191
843024
118692
160783
148642
398537
825634
363337
536913
823204
918255
882623
535665
537949
225299
820787
799927
319861
670200
787350
444587
754862
745510
169996
183974
209981
778919
956092
487917
870746
738852
779176
780831
693893
271096
109952
862216
471235
413699
948990
833344
338138
941996
288778
281194
614889
915954
917880
877926
794989
127366
134006
131274
107314
636640
173462
834476
460242
164423
127281
502079
390875
761851
311486
308471
951601
603200
664045
843500
931491
131810
120552
817209
967238
613032
295925
689482
854868
285366
528733
141968
740693
221418
409333
470827
750701
118156
152518
747214
916434
873365
647961
538541
287773
485584
369687
159375
785987
949539
158388
399398
902754
467011
514600
220625
581309
860918
259852
133841
953920
882162
895694
624453
547981
531413
187427
639356
818352
375551
608695
318682
648897
960049
384071
696056
637358
534564
949414
754801
615021
426209
591306
572695
975758
694145
907996
375414
103804
147990
252571
175112
659726
262394
564949
400236
582373
742661
884759
441044
615201
761951
186783
616414
444563
354185
626287
762276
240853
330587
926132
963419
323368
206379
557669
450509
382947
720158
693401
105700
496444
183885
514298
544833
725201
844679
937114
136313
201367
916342
229474
785650
681346
907118
916343
251479
717293
241253
747823
344685
277128
687934
937318
857602
327231
331571
378994
879483
860548
339965
136627
982626
923705
671984
173593
340201
512766
890432
387222
556437
453157
781263
748981
911034
123896
311198
877275
661815
262235
591741
674562
303850
685538
262949
877959
449084
742252
317507
698231
287560
512715
946433
160063
649572
601881
989451
437044
886689
477637
911309
241067
329314
237079
807149
193944
363706
445889
143560
500154
436916
528560
837801
548183
334113
789829
716635
891867
191359
123225
727599
652514
551091
607504
996758
834707
743639
228369
221118
757674
298321
467902
197212
389499
133422
207954
918640
151671
903991
553779
782925
780389
457977
795300
866234
506415
364230
254442
121578
952410
705511
228891
898410
355523
611570
932222
721223
598015
823489
309061
958491
299781
700386
495635
987633
467761
528221
532415
829326
314545
433139
957005
524462
362527
421487
427300
919949
552665
944603
894520
683931
248481
724558
848391
328408
304440
697866
452004
308853
171334
165046
686301
492475
978010
749961
272557
354523
907589
726215
787304
574952
207677
771489
291217
773531
394980
439574
207125
486945
732170
974662
284778
547265
193267
685999
810787
134447
336217
148643
423438
813106
421672
832319
222146
936907
255045
343754
819475
350752
532635
923119
736126
861377
775541
885769
316610
937297
506902
442563
941637
546294
985282
571628
150681
462747
865480
423996
295831
908997
995709
295257
265426
222042
993508
210510
677755
861954
574231
706191
869114
299666
561931
979519
901338
977536
879891
527019
134075
379518
676617
638078
939622
880564
128813
144723
245924
955335
357063
393883
905412
142772
746931
646795
733363
318641
859331
583905
379177
345704
295547
637724
390598
595569
220054
876389
168394
263614
366957
176581
151419
268105
235613
467744
244657
365729
246238
836826
363018
578086
679205
922310
640993
429803
686272
889751
637715
233101
547503
598610
913921
940029
526022
483445
414006
701936
449498
484967
800160
645916
367692
832433
326846
156839
466710
867730
449262
128961
833850
750392
323102
236745
592631
328801
621940
617251
111546
648923
496073
246163
468771
400124
494812
650989
122046
723293
285807
738663
299180
499201
612917
175820
863698
185229
600367
753187
486398
541564
684735
263220
939426
286447
707881
458121
518953
483221
258099
370165
986339
327241
491506
887946
896440
546657
772094
558137
215806
584748
154369
355582
713418
826633
951800
351013
418213
311752
283332
557560
418130
711621
328344
134237
405013
766807
789073
600665
360413
892581
501815
457144
300089
478084
313205
411825
952857
114994
999251
430149
203009
614948
105525
260861
890649
427445
667615
540754
568970
484908
698960
842838
601254
355638
745249
283974
537139
119931
277242
805581
847086
891584
850256
164931
559505
701883
465827
419074
381018
688848
985323
360166
342752
181091
349171
960200
221435
686121
152077
530670
296619
652782
551248
530453
252507
893645
378923
585354
437814
326764
588252
535316
984998
287901
842692
843874
916021
239082
262891
804702
475364
513478
259294
655484
964699
246524
249335
680028
360201
932596
702900
459753
947686
518590
672967
489615
615990
515449
993920
833375
862339
743195
861981
124153
139917
470192
887503
656967
686921
105702
545865
966125
808556
445222
630641
140537
995641
959714
150590
741157
815014
988398
728929
509237
994494
590393
522956
250680
787610
313309
350568
145528
271405
805802
963469
270642
582108
785374
546875
837874
866508
605913
356866
681910
489057
242395
145724
868804
493693
750947
655504
396775
915822
501102
172786
278936
471523
756511
562061
467916
429178
993334
888430
934727
520730
642158
207594
278361
701868
214947
554203
705791
434049
951187
854843
755822
679930
510466
940235
392449
205945
456498
242399
215981
830912
860443
369707
493881
305804
216497
498120
444913
843208
516274
449505
605589
307917
632899
300063
927993
738258
689667
358177
212193
162286
209581
371192
255901
334641
666096
220116
114641
463301
265881
657395
675768
762417
818614
283846
185765
610365
477093
759550
338966
454779
139151
190484
719766
417009
775416
578287
457793
396205
324941
539858
806064
856733
116247
458193
830135
413623
559747
271326
380141
356122
781099
697197
911725
945783
936103
238784
657961
291701
809726
309000
836356
559430
340809
821498
160181
822873
763717
157286
775285
174576
655026
463260
485486
517240
489183
558295
173440
463383
753874
344805
481670
282829
397813
355575
584555
509554
912411
760067
918776
636345
612557
421537
374525
466957
520046
851465
692987
350819
764635
298850
354263
144995
316485
626447
760532
640090
548381
947135
253444
443455
634096
616009
840023
992302
637200
575029
607078
143202
773822
795524
127988
688829
664821
387742
304807
558203
430802
381497
644417
375953
164258
956598
886569
252330
620327
502526
698569
570715
111635
344619
966936
937162
937611
392740
591458
413447
308505
610423
553730
857600
289229
649854
837370
503752
609217
983660
311500
554976
199978
970640
179256
113998
460526
425532
904273
797158
587328
302701
274270
358528
720770
186288
401167
927425
198896
789069
539030
400333
400650
332020
715160
396501
801744
253558
552635
446282
436146
195290
478050
647656
804580
216507
659477
567420
529200
784999
538705
333851
893861
411553
878577
937144
632134
933428
289039
161193
743415
967707
388240
564029
246718
805723
536223
926942
182452
723805
787865
997538
438182
208093
551397
341424
357693
180527
769204
581629
839751
914457
957021
805271
141050
607046
506061
709268
379824
434846
842262
820033
727566
103821
428680
718593
499915
921148
900408
642043
970739
943501
385509
563012
252742
348426
138327
753320
921736
888554
318774
407870
174419
717404
313585
493253
550541
353467
258809
609807
105766
709489
488283
731929
523724
557183
388096
843659
896690
254881
288145
437634
908308
215183
921304
826921
400120
432317
648058
364679
593715
545979
193331
857350
600213
866986
539999
476295
849407
308260
101773
205923
991478
291117
894767
342114
264548
765874
415366
158241
633904
984740
449264
165047
715125
719850
921289
566659
347741
337414
463484
649191
500096
361940
469139
278085
570405
295681
183481
919465
516089
937842
675326
541238
602137
793819
276451
997534
374194
307756
624528
901427
665878
157802
451227
755257
184030
239191
297411
464767
600784
559298
825130
892375
630930
497557
889270
644629
329218
424847
191229
641984
877900
362212
532233
462168
126364
389656
966549
736726
142043
197542
527287
141557
121829
678977
693540
645043
983337
279267
631225
957306
195267
102752
466016
898218
738186
384388
633583
988121
575066
328811
781346
347372
425155
876169
966416
287912
126456
137802
924726
741204
708881
176522
957037
168816
152295
603042
712427
364786
590247
761103
337199
453007
973702
341644
465785
621647
188326
453959
766784
406956
123293
970715
538232
479919
566066
273722
141204
500298
154842
199350
313059
659820
940217
983055
933212
248956
617718
756718
435673
342111
217347
374612
135217
685181
567969
763774
227880
999859
746433
380451
158580
918475
978860
636484
241701
180277
165263
734964
227681
359238
954256
238127
424255
149979
368183
983079
444258
621371
951629
183440
222552
557359
646445
254018
188273
453615
385929
421813
503861
634263
717235
176667
704816
251053
757418
498004
299288
512138
244376
143997
635904
392117
935410
289178
700086
853717
740209
186907
889106
604770
954062
562537
361322
880967
602148
973582
136363
140541
150415
505672
479114
522157
330682
737674
777674
730972
639281
451269
549655
771612
554823
318342
337052
683033
463435
715427
384907
360151
994655
585994
391401
591593
888626
635451
877819
811016
390950
210007
331475
565444
625768
140167
163314
388237
520434
168081
408503
909138
660143
957918
580582
343488
848622
605289
663189
850275
481355
387581
293878
486146
812454
260061
950942
339050
966651
648385
448242
981760
775074
233835
281202
748246
261993
125813
125764
209371
429162
717836
371421
502930
281942
588676
466142
312576
631718
249393
757743
571008
529698
154070
720004
811617
586091
219250
864848
599892
865894
191936
811623
697069
559330
470498
629439
638928
823743
980766
259305
842728
548419
697149
103355
696863
695996
518569
326599
511109
953591
745600
786373
238353
612248
620918
535387
376992
532194
702539
682296
675131
852961
629607
764111
484415
525604
655377
972352
151507
852101
578712
404094
613486
727164
535487
260573
559720
728195
768593
218200
318121
231002
373281
257271
850782
910141
415982
606981
304237
890616
773568
122636
738657
198359
768886
631839
482427
415959
218680
285722
221543
693895
308077
626021
797361
393105
438897
531129
819155
373927
317490
412716
628524
557245
527200
471085
584140
728400
608225
507951
970256
936919
457863
674547
949118
272673
502994
465768
336182
457975
758812
537053
474402
537322
493591
833879
330385
238182
449056
260104
768854
992458
571765
646041
659875
961193
710648
169516
216014
481866
553231
558656
833294
402367
387348
874247
162926
167972
373905
846834
254219
871461
140356
638922
716632
833514
498238
632204
315659
253083
678987
861673
352950
572413
747284
290282
360420
112414
842515
579340
164449
568158
338833
914256
269628
643259
701349
479518
120569
198497
387780
941867
808017
381605
667646
166455
977906
807865
529075
496803
815310
555424
517547
253864
302213
174883
421559
742194
238699
137889
583512
979850
165133
351328
319337
853962
352360
563487
137689
821020
213366
983550
255270
535381
276523
421064
523692
928157
801939
839573
631982
181377
660249
953323
754263
580193
998682
760286
107723
301618
970201
907864
843815
826845
917526
332903
252102
384055
427602
604377
647578
395733
491824
836834
500580
399397
873916
902893
111214
478359
447141
483885
619273
788931
918382
312696
843938
182871
573068
947031
302691
106003
201307
810831
875399
631786
480069
377290
140723
509741
450826
312782
495560
624987
523787
719356
723179
177782
541440
406386
440666
563591
983772
377923
876245
448256
320235
657625
950451
185318
297022
224236
963480
449159
188041
160462
160124
765959
940904
832460
778550
149821
418910
326233
657950
108064
638596
641338
828310
341730
101410
413652
157329
591294
364283
248045
608940
834686
389586
692926
229840
639246
766651
876894
554036
589970
605718
685847
950212
669093
173890
825598
654974
491642
474635
854762
307444
784180
276446
923311
361887
475810
807739
209857
510221
419603
273451
310894
273941
216127
571104
343078
266563
419271
981424
526716
451914
604267
599886
757572
382648
182819
587509
654215
331562
222526
115454
625619
344122
713870
316235
921851
112202
883664
940257
754292
174119
177304
601177
864203
573900
531831
911205
293237
521247
322898
407771
317887
784477
759941
601819
851038
711247
343595
857093
781307
582967
816722
891265
884518
886253
339612
518055
679783
748339
909773
536119
967722
647452
977205
714963
685303
807646
458112
357808
312233
273439
785019
881854
210861
275781
538617
658942
574215
432757
838638
221006
669196
116725
399393
817409
726364
591928
574246
942370
266539
921453
634180
216922
435623
400557
569462
643296
420383
776574
236985
131439
191057
444192
414828
115651
347165
544337
495112
292393
727451
860872
391625
763504
188827
760398
183303
622099
576681
478122
959838
445499
784525
676130
548898
641068
786883
706881
763234
146695
987143
340627
476634
257400
321133
438149
557033
560043
757251
401145
560714
327375
957309
245738
524196
386933
203567
987726
242696
700793
147215
717944
395953
594486
903869
305185
614413
113736
559620
833287
279561
180521
673370
967198
830383
972919
688572
859516
103245
648022
661226
262086
788653
741090
587072
501813
416564
489819
440047
958162
166967
571357
993397
153548
946234
413821
295014
683600
988666
737707
434214
125061
998330
254632
613105
628640
719804
153400
270639
525059
493271
864133
291176
972842
290496
343953
569098
829639
172404
160732
190900
504189
751377
668300
359095
340825
188241
817791
274499
601527
452409
823276
334093
456760
147116
854016
359812
693798
488040
240628
155731
741381
979755
373680
668273
799508
484221
865722
888797
803186
196279
906452
521914
741840
593789
897277
220669
414048
512627
359267
544188
693066
779770
857295
569341
409831
740742
146131
501069
515063
796330
164951
905246
944223
804266
351054
213894
845222
167099
105364
257688
659380
738409
522594
466319
598728
203769
777810
319317
517843
722602
366236
670199
772177
145419
238364
806366
547444
509708
809311
531769
772073
192257
813617
898280
869760
359321
553161
294302
419768
338492
581659
433339
710671
555753
648030
797802
609657
277065
531749
428635
861524
549826
947033
330254
742657
816594
538990
621769
440345
557097
735177
218878
917728
130080
741436
106204
877599
699634
464517
909973
288489
816348
904713
101009
871064
682803
196119
922185
333328
192986
464027
775379
868261
373893
657089
944187
204927
447624
502950
623386
616761
877262
445641
475381
797189
212036
219473
110893
485953
266568
514428
931004
951801
366080
741622
527566
330703
187754
736472
377199
410814
147748
682318
146632
817532
992068
315181
311552
527659
986844
719884
591557
291196
414075
959006
853958
282519
386028
293602
356549
764945
101216
752657
586082
975073
889025
142889
916160
782672
135318
567079
201703
258705
658547
244684
813496
662575
443975
374661
951583
299927
458899
995119
280964
347243
958658
404177
209841
228305
954803
420872
897635
841577
107835
378466
999792
522406
915415
851157
907583
621146
771420
926878
904874
990996
295517
127759
443476
992925
315817
201644
179003
363446
574948
156876
185991
808212
967262
109384
319283
849955
511841
655056
970013
449500
519476
263401
385332
301986
856460
939818
581273
249125
753509
503712
827998
492563
659696
655007
154437
593753
293549
364003
935209
525671
886342
945656
603093
656327
734574
876500
233373
616162
706057
405261
434225
306557
280687
188688
234459
881225
451949
289829
836126
301124
760723
247185
545204
660627
997023
787210
798770
681160
488736
239627
422292
453443
198491
283247
923167
643327
950466
428414
747585
850007
490694
746287
638490
661557
430354
944401
208754
868638
399110
550390
525210
339272
192967
140820
343479
693111
641516
214343
293187
569288
421821
650299
219417
968384
966531
433094
199323
766892
424740
202967
809702
806618
276265
580624
139753
407927
232763
272160
887552
585370
711875
993441
890907
265920
422391
328459
271064
474445
362735
325937
186684
744209
807226
600875
287946
696365
432856
708540
746806
347857
474333
271898
985731
903201
781368
714752
743174
512176
874279
715669
861211
688586
195075
474836
626067
672307
201804
166680
249881
865471
274635
181293
139241
800043
478412
435905
641421
410774
389627
472398
161681
839964
895920
808783
659221
775330
933131
692224
126590
589356
191664
738365
684868
698727
527602
941602
859373
400914
279402
205094
556718
674565
345931
511603
250523
856257
225404
798215
357592
282252
392620
382535
983705
154129
817858
182274
431257
823119
388448
467705
483880
525052
384406
939272
398951
578817
364610
331150
502006
960865
599064
449907
168752
882177
238875
387518
134473
776002
535897
839871
239187
232395
380357
387364
252640
427673
898414
431295
568357
974030
450735
577470
233036
362106
551458
472082
242701
794309
413333
192556
431191
610546
815807
813097
261582
418923
544217
269488
974169
986894
654775
748189
200148
234191
869588
163051
461050
237424
296288
490615
316048
481554
142860
435111
801908
316528
445746
435552
114022
864718
218363
354345
620049
332483
390068
694698
301213
457117
738066
160595
595173
759191
593108
252891
601185
988706
511262
823505
588166
888090
614507
785148
348252
825482
511708
219217
317747
232257
767098
284553
362900
390119
641866
701182
384139
942659
623164
485564
936611
679594
267849
441255
552012
777484
236817
905813
580274
556294
749396
680699
843779
210248
773264
412215
306736
581948
794479
558943
266871
205929
183430
967922
399660
802998
631181
215065
735457
423156
572489
223785
587537
217612
333920
249304
161202
886014
833586
814985
485970
552689
454501
870326
870535
791271
654489
442302
156038
494404
998148
801013
567075
938430
648990
720466
467196
938568
275837
586022
863356
738608
269575
651191
821724
346997
423649
763434
816133
888306
646193
514892
621571
717630
505142
566485
120386
716687
868965
504981
560579
756155
870266
763320
688237
629790
247027
589543
629508
910079
277801
287833
602654
491951
266738
667632
823275
314807
321338
284486
148333
614795
234553
660703
482202
233531
571140
953935
227850
503461
206890
144047
578494
342463
733313
383440
893810
452973
396509
937559
415648
396224
656164
692750
872180
538573
819208
367163
948889
932688
447778
387749
411361
353104
468341
381988
797424
552010
743799
224484
631617
341827
832669
692848
710081
545799
754398
141954
495977
442559
873303
503018
870770
243178
713229
351983
523627
724051
426846
498776
677408
422859
990114
776424
425296
551105
839604
249836
110508
313284
840818
855813
865772
831521
302811
315046
743621
825963
485304
154548
656478
563211
888777
472625
371496
864547
941879
110990
308752
258477
433587
394488
271219
372325
389825
205461
419753
994452
775743
681376
506299
209441
705807
711442
913473
618663
433785
116336
161934
595510
115733
829185
642123
523040
771062
304688
365165
656987
128119
182269
355618
415611
667504
481100
614749
359677
235821
354852
142616
819741
323831
787465
586711
749066
535128
521301
346882
285342
133339
610775
166520
267136
147810
815498
113119
987332
813277
583737
251655
981552
875843
897018
370128
367453
408184
956277
887414
959911
767965
466100
509513
231812
478690
611112
425380
159618
371547
826465
837944
251810
885398
374168
774479
132175
846169
789305
898883
204305
800649
757300
312629
627279
692473
709364
192064
269119
174258
718640
390718
812255
509008
740112
350175
733621
156996
401571
510854
263931
283901
209256
301048
389413
490886
381234
725690
972172
726274
893632
161580
946760
255812
641938
108434
548192
479508
854168
221126
889502
955082
606152
770732
154453
872506
603963
876497
180684
703776
771030
672584
345179
473321
376334
271418
111051
428632
815978
978839
277395
661690
857000
105478
367543
136417
142829
805268
983197
627259
897992
541156
126773
968933
290850
900817
315473
728249
770628
211202
614027
818900
587451
573470
515646
706167
466676
284444
342982
440094
849309
458906
202152
617919
528058
492444
459987
371516
298658
724121
695715
296428
149970
223809
984424
546246
177560
414040
374712
918770
547246
773229
735001
855577
491451
866787
790847
729165
872626
827241
372853
266339
252403
944146
413839
600555
308374
211446
204996
714746
641381
644862
647011
757920
843798
527299
337507
228205
164924
449963
212135
989318
897712
324037
657971
453559
337474
578195
712809
492450
560582
813570
118297
708401
199721
256953
909747
104124
113165
860581
891440
220721
389210
670640
984312
456832
450909
799592
994488
483366
896333
550153
130490
434449
471284
329226
567960
599163
311969
333136
570986
166628
287082
571389
628235
206530
387250
126231
848210
888714
303598
948807
446800
157163
515236
113669
335558
776308
271887
805728
618215
116779
403816
442576
257423
713963
977602
194866
560545
184195
325455
186441
262150
959074
203815
653672
217940
451456
103406
646328
989148
740204
999159
687574
286585
325887
251743
658892
637951
591256
620940
907811
857968
180271
964561
625242
307143
860417
836359
617712
650114
712086
944283
927387
465182
379734
709283
623209
339132
549834
171430
883801
533863
865719
838925
544390
479177
687803
529078
533897
525492
571288
743991
750928
337382
838163
332995
899586
322214
607653
805475
857006
216195
827420
680447
199327
837163
129789
354029
703978
579435
866017
458739
102765
679477
107206
615497
324624
614108
393362
251098
613564
239779
287536
107403
330513
582864
893850
217709
168996
484551
998466
733975
704991
502492
133062
465674
555823
929740
409496
503888
185291
737273
344800
399882
926122
803766
949821
391222
282942
298011
643995
480545
271457
777991
663413
116755
899447
698226
205984
207492
347697
495616
669934
812186
248092
497989
948183
767063
607493
816185
860629
795450
681868
681818
740806
308459
740597
410193
522356
965273
893152
201629
821249
463861
675774
859913
471674
583796
344600
638566
129767
889635
488863
582181
215089
237515
937580
769243
336722
544527
980151
736980
820496
410272
953138
337748
675269
481337
984512
229954
758844
168770
283259
218505
942221
472742
536471
596467
896802
337216
738896
607090
339490
262606
523631
798133
771486
229822
338488
524595
804493
567822
983523
695381
988278
512061
742319
549584
476202
186201
737007
361768
268451
659218
725451
555946
295051
395175
117010
686684
627726
647912
610659
923261
421192
870776
341858
454806
599456
730363
306641
786177
542003
871652
659883
191584
308949
878875
545285
228207
199475
623536
431838
700314
198654
319365
436420
301845
291456
279972
782733
256015
457099
432137
324693
869910
188677
940622
598126
879211
805026
518706
828827
932655
792964
297714
163290
882108
880086
205448
205764
106598
295050
382242
563986
424440
554245
503324
602499
586724
965155
701389
255313
355969
915855
779704
646166
965421
664402
539395
235565
558846
425033
622058
803225
846237
117346
934746
837534
562975
522036
989103
887728
835436
402650
652366
754329
782876
860185
532014
379715
403066
433548
632034
155137
659839
349407
422659
319423
502893
571776
837110
626127
776114
606990
449710
457160
558562
160910
476735
148962
377743
554556
328857
665887
295097
273946
308241
678798
388799
957587
416718
377752
708925
914445
747462
580985
808574
749770
663285
677053
760240
232044
780993
717740
559435
430472
231530
250316
964655
398451
275625
623106
416668
442572
198535
123622
203128
811297
619853
635295
961788
808335
335995
929724
134181
364878
334681
430896
158066
382063
261154
419039
679790
866586
122107
848020
391488
254690
678268
479129
777108
221512
178781
222240
710623
647192
210815
396255
280295
802041
745132
117597
736117
706803
356824
882898
659978
897463
650561
130199
935024
113981
174433
959013
985131
729558
280103
278083
528902
277097
159578
589532
457980
841065
507129
657422
229141
604323
641648
636382
331155
578779
628169
907242
294910
735883
374711
904246
339410
720870
972095
346118
947011
861388
953712
990905
569538
124058
339948
760869
893505
730035
196212
681531
422084
568695
359178
844280
528577
221992
142944
941412
369354
858867
894718
416606
295424
376563
525025
829046
113036
503283
820900
902922
590904
110996
417293
137672
543760
700394
640558
320214
309264
769263
670249
708991
220882
399554
816827
858952
517101
846698
680237
277866
480373
991205
199178
128144
602733
915541
269163
924036
849366
518257
485850
338258
248433
820928
479984
758246
924698
266164
909684
835956
141383
808089
702607
925369
750551
301501
811467
764160
408557
928247
515978
882380
959600
942678
946174
302689
970501
553994
784864
974479
802151
795896
971233
255480
464408
877749
521607
985542
426825
149105
976812
419440
224006
687832
107612
243479
368517
292244
929497
829339
527493
900143
691040
931402
440248
741145
612520
703271
381338
675436
580682
212622
170518
859089
658311
769785
449337
486690
945792
187979
908355
103880
515581
502132
375434
444115
916279
976493
449778
705425
582996
402491
681228
733542
637526
661881
480436
253209
984983
941474
504576
956722
277477
245499
116212
765032
657551
601732
286532
336701
191171
564691
570130
167774
648154
171347
386234
162558
278917
143491
231560
756244
577726
935467
353996
149742
888825
381834
900044
830197
499178
225194
864821
158296
653957
504020
599737
957287
766023
223857
892280
845056
974643
864895
500711
799064
224244
190103
612037
673429
149682
779074
860579
859221
532275
264336
791512
194671
889462
287035
685094
902900
226581
771676
720722
278552
314894
891133
465416
714411
408802
543110
570390
948239
798105
305835
736521
297601
951553
704593
145230
476874
684346
932826
964778
660556
704677
615640
936908
267386
752554
657941
850299
900029
577951
216057
295241
890118
222683
953033
373054
955887
639931
577560
853626
110110
820505
559591
357344
627217
194197
121231
531643
375670
821485
841288
647856
571637
295801
410105
848242
523016
359396
906438
287546
269063
143519
710799
912325
224998
270994
191087
949191
601232
886764
837916
678249
154886
942781
879810
967011
394412
791351
187518
371217
672695
416476
816325
515603
868364
296844
832850
140142
647267
563197
654740
163903
383350
278954
769555
183924
257113
906306
772825
240161
400352
724273
548569
512938
183202
734411
831288
886370
519803
359439
731457
690410
239384
841388
528345
828592
581805
183724
494980
777433
273475
496158
770419
297067
976635
133020
653363
417722
160190
976031
787232
271159
262101
136813
501649
365238
985490
464815
514057
995416
776623
174941
485123
719517
725853
103775
547309
943679
671280
942357
958748
119611
292683
204778
647516
245901
565540
441142
455342
615286
376226
256867
369649
430197
115944
768623
714894
429775
229277
190351
271862
372958
241436
224977
811707
304392
784403
419533
896172
543556
864630
543636
412698
322405
224955
440713
455394
585397
252894
189770
415368
193342
141403
247899
857527
866304
781391
200820
725877
507248
864992
329180
690097
379468
745650
721349
915613
581740
894473
799869
250866
318791
685678
821388
103852
945907
319615
128739
706838
929847
403654
423589
654077
724361
229966
964261
983282
249423
358143
544566
731764
460057
644054
574398
800042
457710
805316
889793
435311
567014
903471
823992
674895
488981
752602
557872
267064
746687
145513
915250
779382
634445
175870
812135
294309
535452
559085
857255
803358
383364
525797
300376
793522
686046
692369
760915
766219
811014
349813
947422
569911
100333
301155
390693
396820
775300
438522
522234
721595
556673
806289
146874
386221
839291
387441
643623
530523
527462
610213
632656
711939
259256
922432
883474
440988
574016
690622
201947
768855
122114
960379
534826
849158
613694
632318
433278
589332
692790
633528
968378
864675
400318
151658
694072
591919
968146
571057
461179
612853
887288
643736
623269
449757
350717
837832
167038
873797
709235
719621
681057
559925
568390
629048
373899
746837
874847
355602
142810
491584
406471
972685
351064
369594
405347
977169
107629
516012
545845
625181
185712
617304
105303
140695
939356
911549
681587
466975
810020
747589
916820
163010
671117
905352
929090
275442
240740
237411
982411
905036
115858
223059
974974
117785
216070
529186
559823
657083
842070
291947
438304
457082
149391
390561
872041
894038
691394
578560
545393
238242
556750
313249
236576
457093
343622
411235
927082
730896
262801
201088
732823
252376
483933
512978
854257
805446
378232
673483
163064
688712
508616
443906
105637
349451
266358
576674
351992
675756
563494
254169
919002
834038
298247
110399
273566
213317
157316
384517
101679
433243
901791
490643
797379
697688
163450
867861
847690
243733
133178
601008
727849
356167
635942
137919
191660
675807
516474
220929
282953
486332
340473
578008
281607
356858
549870
780814
402813
688695
219100
142727
884755
368287
926781
179293
729313
658900
778084
422731
631992
354941
742242
156917
879594
926463
237568
921702
311692
178709
819856
449916
321262
814360
788644
598132
983618
492800
142569
929861
641037
264697
563496
282845
460286
896380
446471
916311
618142
680105
749775
758633
222986
646513
491421
364570
566126
375760
532003
192063
253051
140332
236456
227856
594385
107679
462208
808815
306013
125949
610164
700991
775192
410820
257867
979547
486847
887295
767260
305244
715205
250555
483466
768524
850747
323727
847222
478210
643116
105322
456520
604785
299729
715172
603651
138664
110736
537406
103294
572728
634573
526286
421480
308376
242693
656479
593430
256153
964793
919677
478835
343274
850282
605435
421907
282853
596017
537842
229520
672755
520846
792214
302197
798441
549198
284169
222789
935258
450250
528764
669029
905814
592798
443059
269014
177886
488749
454046
431536
116837
477516
674499
129005
677634
628236
232741
794164
672915
521624
372895
976043
996524
496853
752920
508275
123777
109038
796156
850451
743395
631193
428964
984294
163238
905417
232724
510720
718766
699327
712516
957263
367671
471371
899318
321001
927112
342960
980307
657337
610950
412726
783506
642222
372663
669275
534420
314399
676309
851315
861821
138675
289294
853671
858705
862714
739608
883073
902077
795932
678842
233660
948189
873231
191266
351241
657930
676467
819444
732630
604912
628357
462781
539179
201547
343976
956920
898043
498419
971046
700131
716527
873273
897554
688933
614750
374251
372341
667535
995059
185589
347733
189222
200686
266884
426765
940536
952132
525923
610084
261672
121248
814425
982635
173756
380060
787957
752742
217129
317455
728909
169892
244816
332626
999880
195182
464676
876383
973631
951644
424176
614470
168086
490657
121808
322515
270731
278432
992404
561834
244548
333759
241172
287604
345412
787846
679226
383182
164077
604669
144594
765705
271284
573275
828884
986209
846613
141196
361531
789883
717007
846241
196683
493826
281982
361759
123676
212657
764884
883414
326524
153824
199816
950821
106579
879140
504276
415016
573515
366228
524578
519542
479489
531616
898981
958527
911708
656042
446628
856462
967684
908427
406320
231418
168171
110257
590218
289620
921941
735046
714555
123594
633032
725744
970494
430893
105891
111696
469403
219656
493548
118933
608601
532146
797873
911463
138348
193757
812823
153449
187483
681859
527477
628773
247063
305844
893567
869111
250118
348801
144433
770808
541246
736861
606374
913128
225685
109748
139807
422317
871343
866639
100495
325883
177013
222920
442766
753937
506076
963606
771265
112065
374526
483997
690972
679806
220171
138364
460668
119677
510644
341208
336389
348809
281897
734749
215309
338437
563747
902797
293804
150204
562248
901013
910083
336069
360361
933170
450451
312269
874990
961039
826871
447225
986185
444611
265788
905388
643151
693391
845554
344066
665380
780708
430548
606489
129535
591805
856099
276562
162794
654019
648871
528526
261270
572173
308187
666212
754590
676745
986825
391950
824012
105991
902891
978142
273508
136616
793839
613858
691569
819651
614955
220117
131920
159264
715768
719293
565994
858616
278992
513490
468452
431864
234620
875079
661173
279620
266407
509614
116238
312291
342131
545893
541582
984345
108667
864520
488695
457379
647157
515089
331896
432099
575045
875962
197608
743544
429062
839904
787887
473195
949339
396973
645708
467975
527082
292676
993919
828064
700790
989433
121973
388316
954245
945734
109876
486419
904330
861222
869927
473022
747919
166146
276076
998599
271624
873850
691469
935182
971058
908845
234705
500385
720615
283006
473546
553528
159648
869615
622989
244931
461994
800635
523706
262110
281941
567396
128036
597276
107854
708569
329595
461397
664424
915101
983500
307799
444911
807593
466721
143035
664031
603891
581016
428246
621973
267874
863120
370324
959963
737598
392657
999392
108136
936507
736273
625554
155725
635129
875354
417532
564591
681899
306808
892947
346881
279404
235623
633018
488677
156628
523490
222724
758483
405126
861778
320700
370459
528126
745978
835673
786607
566423
867588
758815
574196
113269
813510
909538
187332
845016
137330
197055
440917
278240
466037
358273
928750
874071
808859
143147
749317
257511
389225
875929
539737
574846
241554
420129
100706
271196
882072
287016
363789
934700
963560
891274
140409
634673
411086
229432
981806
640828
351414
850566
882435
973215
258965
535687
909323
167036
842205
756955
818742
639798
144955
539633
633455
636479
166872
786969
349466
518639
599969
356145
274768
616244
275102
831635
419873
298944
133861
387785
120943
178801
564649
757318
624432
195435
230119
825759
656950
397617
656077
126279
768506
553659
559759
478146
453042
651212
264950
318154
786323
295037
168330
978407
224250
295749
435402
285174
900922
277779
815466
476844
183982
343084
363143
882441
175508
123464
246339
738736
625746
680288
232360
699705
764802
400294
660850
238913
126684
373025
460412
308702
327024
448359
247384
290234
453113
947601
888959
825751
538730
758802
364355
553648
379200
740845
964960
130243
784633
695428
881144
889701
704057
993706
846397
115863
314152
116949
557026
453235
300500
181986
999976
912739
886979
841997
861077
232665
430033
949924
323294
766007
852022
143027
536330
920199
249006
546833
138432
707911
978462
245712
991877
694836
834427
549907
494467
254468
550882
684232
815285
130734
927257
973460
774638
112321
180077
411920
749339
624264
971077
328446
945924
592824
870954
624058
213434
322714
919509
359302
226559
401330
963057
543685
324492
197859
467054
338428
416584
824071
198048
943535
946451
455207
139543
478576
485907
389565
337584
630121
399762
708549
898442
900447
398523
597162
878014
484148
537866
643433
935537
632754
558567
244268
133088
899036
976861
345286
475573
419267
911674
988274
448404
106002
184803
637090
530443
976266
233786
358053
837768
887727
818509
325873
904745
631684
567163
717147
488621
999016
988752
373220
132072
913379
831091
280301
901199
436819
708128
122891
524069
966433
579189
323633
169914
602158
253416
872070
484266
718444
695946
589658
778015
160167
588019
222440
483956
906646
181360
368606
900183
459812
137905
852938
249794
298310
269331
151987
826887
720948
470384
505107
882741
727252
224654
789462
849184
145189
873507
337197
431270
140617
523430
110895
513918
451093
292236
787920
129108
607262
532027
611203
156755
845497
289377
451899
349993
373908
900749
965454
334262
597672
459307
638880
905060
525728
933437
441147
545506
330594
149529
906412
748239
140012
269929
290143
491939
973239
666975
592661
843690
519482
371210
552602
787516
532690
942130
734591
265192
775552
172041
355275
941947
360502
587165
267978
801053
348865
311192
773869
684559
904744
606198
653821
915104
132047
502319
813842
186533
912811
288398
184058
720853
677600
947479
634419
641135
114284
769801
712360
145585
318226
184312
484119
946328
196941
329800
310446
833591
887094
983093
671209
635768
814712
407189
427420
238769
403877
562112
414091
336983
434022
490298
389094
525205
249595
546158
490612
276129
999394
129035
281837
629160
458995
804104
321832
498578
950544
842741
775039
547491
404350
419692
864808
838030
794071
903229
345139
691461
812328
835546
447645
849473
506337
840168
728387
401969
905789
178730
275832
496134
364994
487033
418681
972759
697360
944307
430262
312125
261671
105265
401092
560990
464333
951409
982940
807514
926288
892553
920329
644658
818312
600157
821201
563915
122197
553148
978544
725654
366352
141441
877472
365109
629489
576940
324465
649550
243235
767608
756575
732363
618139
635023
892121
871982
798248
907235
186496
287578
805366
828480
500921
720117
914774
879967
901125
988867
521268
687249
220646
934672
494732
206739
299329
295513
960989
889549
848131
461757
413621
530986
209414
257259
654494
521322
687875
836871
221580
425580
822822
802882
492367
961375
166860
580876
770137
968191
432958
622707
897706
227985
973632
962822
199590
745557
958101
942120
561231
593219
414245
217838
526963
101554
120512
146852
916220
890515
874553
815773
234847
199870
962091
501033
813751
453440
141230
939661
639059
313084
172050
501114
364454
407835
490259
639587
198924
359426
504788
911382
578100
929056
603109
929705
717975
914800
423838
342987
531469
226654
199911
750734
668864
832778
728939
669792
221189
151274
534168
577971
550661
572463
677723
328216
681081
952375
115068
444470
584012
381301
957747
394976
384772
779555
838492
463936
138433
732573
540862
582535
752568
891132
452913
282777
229293
449521
874740
360915
344313
319450
960521
225696
306959
736940
136290
716306
762546
280808
423195
334950
458256
980094
670831
596232
546705
695102
800948
389208
636378
264462
218964
564096
457720
978753
640861
898148
462203
718892
115742
974193
495334
425083
565508
796422
809611
171391
226278
178499
884799
211993
402386
708463
346059
864794
603197
607961
570007
814869
336703
217086
499459
454907
504239
693755
667128
455666
651541
397251
805164
145286
695792
687088
207154
970840
840079
131522
671309
527591
751526
485251
172293
985786
933102
201489
267818
808981
390805
472738
478189
287161
106179
453148
634381
905625
117042
328608
975033
213991
684912
543878
871963
479915
497070
802371
902516
970078
645280
464653
491252
227892
302726
697820
570633
533939
342699
186255
744641
870078
299954
911273
937446
320352
818931
204284
436918
562202
139802
342092
795858
336505
490793
608434
423467
410907
811546
297830
310416
328937
201487
234175
606945
596896
911028
931514
513004
389612
221040
346699
821678
471726
569284
353565
109227
385408
680572
503436
690040
323230
587689
980806
946251
688080
676432
227480
577248
100832
592548
739004
636292
619652
854228
316677
248588
725598
329252
100927
382592
145247
947193
332343
742779
178721
115080
654663
662853
617844
165659
191896
152671
609761
229305
648218
350855
464355
886963
587870
421155
256778
681314
370640
871807
560242
489856
164238
612287
376173
262996
783730
806230
946054
983975
195013
337134
257030
413748
872569
765248
695175
229191
537608
806726
295112
536279
965542
906875
432192
846950
409791
960742
335494
597004
926931
902653
580041
244355
693445
845384
182867
866845
864195
441867
941976
851659
348974
351052
169002
583920
641671
125803
864668
275160
904610
158223
325919
780692
150901
561316
551390
222577
982712
564845
458669
717688
588288
251343
232040
725205
916394
204685
872349
666679
109230
430610
750763
250843
832152
113848
642680
877574
293624
728614
608312
167026
662625
375006
456853
795987
713822
408681
313541
657098
182560
732347
347699
517748
932501
912920
318938
457181
920969
599823
601139
230539
685193
762623
687485
585620
403807
287270
126780
186413
691293
688040
909632
868494
677119
972031
164074
550634
120857
542112
896663
701549
256535
194853
332474
246744
335246
929895
318301
544576
914317
400040
884841
913548
976201
949375
992770
401976
116387
117978
759322
999228
943024
462714
313145
297051
723776
302244
270310
389229
995911
102676
985119
433028
884996
824698
838758
433267
412971
412337
552118
767352
960688
327282
281213
931757
102198
152682
803704
796256
721423
363530
176657
529899
839356
585186
317929
590864
337068
953685
532228
376379
127514
824176
156557
221740
408516
236800
623243
905752
459541
974367
718745
350776
934975
180935
434428
121760
414687
445476
401564
392684
553801
252503
826128
568201
156026
292445
710206
836841
604937
158486
237454
814424
963207
370666
416530
826601
417892
316640
543317
450898
620371
350114
603780
504542
373006
149771
473897
151779
924641
215730
200126
752307
106956
914612
864713
141259
522986
749783
886594
686917
940179
345882
589250
217433
927030
280724
821106
769222
882514
512696
627650
273341
942568
898559
166733
241794
840651
746184
696972
725557
536305
500488
656210
558068
849945
345131
560703
149937
564099
517489
167041
920914
579868
939230
600713
271960
224574
342331
307378
579123
119520
576467
481325
786076
634043
617060
499203
656013
849215
677716
204586
123311
386244
323457
806478
626602
669259
278539
996903
569264
919094
589411
218416
340841
457921
749586
273967
652785
595843
319608
916098
636222
333363
792910
293327
230031
251229
121952
941483
670463
700132
732298
435053
717832
304968
568188
839415
673869
352631
617720
794706
780649
323663
667509
566960
897450
425625
673650
264720
946817
303865
937685
736965
561248
305189
684677
194232
706405
864847
597448
286620
916422
675182
813865
578377
178453
119968
894671
519140
913064
945599
532238
551549
201061
277992
796914
991864
477860
151762
630244
674462
408181
911061
580446
752396
700286
616498
960416
250360
809348
247831
611058
429777
251220
856566
911407
998628
754406
277058
401273
901649
791877
931087
544232
527355
375959
266537
892411
336898
792275
422578
761183
777617
674839
457080
111374
472066
870309
592741
381080
828114
635582
388659
410313
729461
451944
195939
595657
784137
447863
918154
988926
608704
467972
479584
329303
951899
217984
296240
591803
822338
762024
508130
374934
150820
104267
724927
753451
427285
681467
243633
248166
841538
353087
174487
956293
268900
995229
338025
836170
127368
162366
645315
167641
209512
102267
411175
821719
262842
889908
568321
372302
915140
731337
477063
218866
706725
837108
599747
227977
839260
769453
265179
556624
897059
163195
180427
895357
360796
135968
697189
769817
981533
553749
269783
542068
155105
124945
841293
741499
268645
311240
675484
495117
382091
729426
751224
797343
995714
392485
819929
780300
766493
918098
942049
283086
906963
101629
478537
730941
115679
812717
180268
915387
386464
414468
366342
637132
337668
241078
510979
560692
862284
722177
424056
407562
396157
429095
485793
285358
404505
321587
870782
443073
514638
863053
139711
605843
988279
527684
518043
488926
733605
796184
423322
672243
918224
370692
859415
202779
354015
468201
729881
306785
515247
296299
677781
397563
651675
856278
577555
769993
336776
548703
961892
766492
895050
589557
876556
274030
808695
987545
793957
794887
220638
796652
178441
809148
487720
258386
703312
176533
240372
341353
978300
225238
709479
315769
289139
946789
736847
385925
367151
743958
186675
604709
830307
593854
191451
766235
191894
104095
533630
540445
782045
384274
516063
509243
181875
935962
578802
464872
191881
785576
332965
390741
298147
232100
834069
821278
959893
459318
833977
186938
526276
242844
489906
106814
325856
614004
431691
918471
911379
517670
512623
298844
246145
168837
509011
787666
360622
816001
469345
142018
684981
802335
298035
146286
401618
409687
112807
243575
182355
899717
731679
830172
134989
441893
482572
144951
470771
711383
818620
379560
487696
758977
601291
976659
534655
672808
511561
442100
366116
440616
622107
719703
247039
789247
834565
159890
448708
723404
343347
277665
710985
426784
353720
915489
297545
913186
286854
336518
711735
441264
708361
428941
610990
184280
851726
572585
931474
753832
540488
609430
964172
381429
402880
908270
465472
761893
115422
988006
447846
635182
866499
449395
564186
186657
303712
163178
799942
570557
157072
781425
766975
922250
527199
456109
899748
353161
527059
811131
513731
921750
218104
508798
807725
879821
251698
796688
785923
764494
630457
659826
144680
409811
397650
316195
259474
990303
351863
304377
543322
526818
363214
272857
901801
653304
320904
191959
297417
562791
132640
562595
442827
882363
663364
203137
962532
724537
496930
258259
369647
384355
972845
337113
809345
205504
241532
940654
225440
498055
258206
376614
486120
374169
788637
484047
636189
687389
774810
301477
404344
323556
659841
386719
202747
716691
925684
633029
681232
801932
727876
816753
511155
826628
872245
722026
592362
316621
217469
625017
128413
623317
352098
654847
159787
507141
858718
188974
544284
501981
536787
508163
933390
553479
235266
941934
140841
700222
451254
309891
516693
290251
738487
938971
743530
189242
537910
482956
291035
415290
680972
932816
802653
234181
693790
353337
783239
659232
951564
882658
232806
997509
862528
317563
746693
249567
983838
601012
796225
209740
330707
243071
706096
168927
212343
886781
220141
543881
929695
555259
444166
889208
506751
600606
265172
442350
953278
896595
467457
820751
203398
851668
497109
566776
510949
954982
727177
766348
278096
747674
547669
690685
369741
174342
332014
607654
819767
758157
327079
468412
666699
440707
345317
998499
392966
796743
817127
485669
891837
590875
529073
464992
793123
273141
279942
274705
464503
666764
643813
109857
172891
232049
867621
404274
950277
861879
205866
934408
563861
108899
264104
491012
694373
246854
389186
274661
627213
138951
435459
340348
282867
831590
554266
867456
345468
822106
479064
583998
143869
287918
225234
636784
792811
426912
704354
594741
693015
816773
848472
781681
577091
162985
254577
585332
960480
440237
548717
298141
139676
917486
553579
106316
964308
866843
841796
180707
199515
394964
169133
989885
527325
773108
495352
734759
381703
505512
481773
212845
318719
378723
821389
129091
315788
620109
437832
621345
507519
908448
758654
581194
728542
309119
126204
397211
134103
855897
468776
487174
984418
444496
120543
667059
193665
178272
668349
269677
554242
462637
816470
248004
818303
464173
517889
599246
805506
488780
972161
548963
831347
974159
819747
420608
965376
822090
203791
255285
773546
658278
215450
901356
381894
108056
502527
717433
803101
571600
583177
742523
372571
924545
392480
731660
510269
325213
607763
846419
483286
442467
233243
241592
157907
417611
986821
336197
714574
451492
708669
210697
217742
714315
601021
606721
442588
452422
138471
457503
925336
196421
586651
627967
197203
228311
152137
643042
656758
770270
505220
984039
367724
474688
838208
185041
141848
524402
261982
828130
905037
132158
563670
498599
402561
957148
233576
434936
560739
744761
183368
819745
393616
917851
390438
611232
647651
727103
410796
746835
843910
613043
486106
139329
484138
370790
693118
753157
882533
823084
700640
266967
906038
768548
362568
218365
386029
311311
973973
397533
143007
191786
103118
318196
588322
818963
752300
894477
866829
609273
124557
621015
358193
487290
231389
578823
481223
878446
543506
918504
564516
332299
910040
527012
915700
244315
923707
720236
204058
247009
290820
400432
270601
786505
654144
943611
430672
901341
125830
412561
714330
852802
663943
927707
433871
661351
567928
964008
331709
890105
283224
536395
214126
251110
823130
582454
300083
377481
652797
812151
555776
131478
841656
528065
611727
874817
750004
101851
616475
565085
884629
955605
408619
164942
748016
894748
924514
774436
306142
496010
992541
159955
640135
407253
603519
619041
486579
883068
383581
566464
669756
523927
379212
936217
363820
552554
892691
544310
927939
736223
696665
962306
524330
848151
793417
706328
459875
283947
988633
181371
565162
387559
829646
293864
256209
103210
958009
306286
230208
530387
938729
285378
736433
612886
541363
903456
566626
678346
892505
122694
812984
166448
864463
433380
507732
892481
620580
251486
829370
149221
240456
868730
150686
561582
511501
332441
583843
240369
290390
369969
401190
409133
701917
136391
615758
209223
647389
814377
170158
206969
573857
714004
778425
748664
977029
465165
993120
890414
980540
961535
162855
778838
493535
785164
606563
485475
334195
362312
414377
639363
922913
867804
793565
500991
106061
267167
681337
757130
165603
157762
683758
949773
479653
595784
217351
455393
563053
938843
387704
560977
249435
556734
944956
534521
210899
920117
679108
195997
667385
268508
706919
501978
482210
368853
546342
894392
342771
495718
589341
840784
281551
309389
179993
796025
450924
160699
544848
983885
479023
801976
557030
511003
967787
829334
450713
214415
602826
673598
293644
151504
804843
140376
983620
538121
538025
600489
106656
368553
899423
530133
279148
423422
550583
168018
243019
733576
304928
804142
968557
271234
622788
470048
258060
620228
638633
354336
470244
859777
877539
593574
876481
812617
289980
686276
958191
656750
648296
767725
928453
380609
116939
390647
522938
842582
797506
178328
712520
135818
878082
731103
142858
396665
861987
232061
164557
576334
942739
172127
899127
714554
121586
193572
412966
326710
576102
642880
644772
940621
580142
144807
750675
578300
689541
930132
698545
170249
843965
638231
807360
142448
696707
770285
756269
990131
164031
736329
680109
819927
744981
289052
373500
337441
917675
131708
208098
633622
737980
520532
921247
761970
501150
976381
363492
441252
508417
698847
739632
378693
313474
431726
606174
236323
694863
377355
328325
711093
446667
611836
907830
275885
497696
526274
219916
349950
561040
410297
472376
690765
801263
277166
418845
129770
929532
515893
355863
930030
771806
203900
283860
417506
125869
170626
877176
797393
939241
787922
163772
874983
832451
626773
829599
393820
745296
175833
185838
935297
193072
108591
496690
714097
535545
328054
658558
420220
743005
378730
949154
878281
468195
616592
736780
154876
773253
231832
829045
994982
693154
465866
170708
459260
752550
587782
745562
153892
438163
790563
445100
382159
966209
409708
465895
660443
607514
266554
273150
423513
277583
237403
853061
519457
853408
949952
790664
345010
323816
535670
631916
868008
618277
253389
423318
594188
404997
494380
587504
568412
995970
196938
279929
951685
216454
668445
990256
463265
567471
488724
930511
764300
963559
882772
350918
620611
779462
184380
726432
836269
900693
930884
725536
174877
316963
558032
253614
591679
528872
687376
556192
835384
434244
624622
692260
731156
133707
495865
346735
517178
347790
256040
871448
834734
299372
128921
159161
793212
873050
752523
132232
914918
597252
598971
680058
869468
859700
481117
898284
952844
798729
881472
994805
410376
899756
483778
621748
981678
288179
114313
362283
822297
977332
153721
261031
147783
369915
395852
694041
965027
352304
520541
170361
924990
669540
488466
195622
658891
618854
952220
219499
547340
559174
541766
480383
263205
691857
262055
253674
712348
845373
897631
771045
928781
489988
582382
883907
520900
799187
482397
805733
699447
921206
980356
580570
142022
747567
544248
796013
242069
974855
816836
105080
885309
676084
671451
206022
843192
249383
597781
488537
492561
616826
169908
501859
283508
814303
736970
653018
912086
708202
458769
608814
505085
504978
511207
802635
836332
152399
539221
913358
484892
443016
459844
673813
308347
657431
390146
207609
525408
965854
745842
353880
897093
736985
905087
983863
110988
274236
676848
914135
947428
667717
462316
712079
822619
998781
631576
555170
749132
746454
739998
233571
344667
869671
670775
542085
448798
427842
704238
446129
567133
205872
122057
908022
806472
513271
388922
337915
797120
846400
168151
678667
889455
160947
211309
601148
372961
291462
388217
189781
604317
526021
462862
995953
811064
291374
713695
981299
227968
689272
918748
171462
523090
705544
795060
431525
835580
128254
661738
778430
830290
310903
424189
847070
626476
349661
199217
778785
496903
692693
805031
603791
689271
893671
824414
563639
890529
208809
886310
404613
345710
396044
322373
589624
200843
211212
778025
335386
590251
836615
413782
533159
730165
579960
684023
908115
575130
505685
683841
535005
252455
924372
189940
577778
913545
923005
613323
694504
648769
604047
496195
506465
291493
901211
642046
126217
627867
318496
222520
917506
904060
821112
872874
503197
271772
660673
876273
928552
233908
611628
103739
846019
955955
887703
415106
292041
219641
240704
524934
200849
310300
185861
425450
438510
329651
502772
332106
361126
276235
976505
659457
242212
676263
977143
575345
