分数段	人数	累计
695	24	24
694	5	29
693	8	37
692	7	44
691	10	54
690	10	64
689	9	73
688	15	88
687	14	102
686	18	120
685	21	141
684	25	166
683	31	197
682	26	223
681	17	240
680	33	273
679	33	306
678	30	336
677	35	371
676	39	410
675	45	455
674	46	501
673	59	560
672	50	610
671	55	665
670	58	723
669	69	792
668	76	868
667	69	937
666	86	1023
665	83	1106
664	85	1191
663	87	1278
662	105	1383
661	97	1480
660	109	1589
659	119	1708
658	134	1842
657	127	1969
656	157	2126
655	162	2288
654	138	2426
653	159	2585
652	159	2744
651	161	2905
650	169	3074
649	190	3264
648	188	3452
647	188	3640
646	210	3850
645	221	4071
644	226	4297
643	206	4503
642	210	4713
641	254	4967
640	245	5212
639	258	5470
638	275	5745
637	286	6031
636	328	6359
635	302	6661
634	293	6954
633	318	7272
632	334	7606
631	357	7963
630	351	8314
629	335	8649
628	372	9021
627	415	9436
626	377	9813
625	385	10198
624	418	10616
623	407	11023
622	450	11473
621	446	11919
620	462	12381
619	492	12873
618	463	13336
617	491	13827
616	508	14335
615	535	14870
614	512	15382
613	536	15918
612	554	16472
611	573	17045
610	542	17587
609	573	18160
608	602	18762
607	641	19403
606	585	19988
605	624	20612
604	658	21270
603	632	21902
602	579	22481
601	622	23103
600	646	23749
599	667	24416
598	659	25075
597	723	25798
596	671	26469
595	720	27189
594	711	27900
593	764	28664
592	777	29441
591	764	30205
590	792	30997
589	841	31838
588	818	32656
587	812	33468
586	817	34285
585	834	35119
584	814	35933
583	841	36774
582	832	37606
581	856	38462
580	884	39346
579	866	40212
578	870	41082
577	924	42006
576	889	42895
575	991	43886
574	957	44843
573	1036	45879
572	930	46809
571	932	47741
570	1016	48757
569	1010	49767
568	960	50727
567	996	51723
566	1080	52803
565	1007	53810
564	1077	54887
563	1063	55950
562	1064	57014
561	1055	58069
560	1081	59150
559	1000	60150
558	1148	61298
557	1078	62376
556	1067	63443
555	1111	64554
554	1050	65604
553	1160	66764
552	1076	67840
551	1155	68995
550	1139	70134
549	1128	71262
548	1147	72409
547	1173	73582
546	1133	74715
545	1149	75864
544	1179	77043
543	1167	78210
542	1195	79405
541	1209	80614
540	1182	81796
539	1194	82990
538	1218	84208
537	1242	85450
536	1197	86647
535	1266	87913
534	1221	89134
533	1365	90499
532	1254	91753
531	1292	93045
530	1268	94313
529	1278	95591
528	1321	96912
527	1295	98207
526	1256	99463
525	1323	100786
524	1282	102068
523	1300	103368
522	1293	104661
521	1294	105955
520	1353	107308
519	1339	108647
518	1335	109982
517	1270	111252
516	1458	112710
515	1282	113992
514	1397	115389
513	1357	116746
512	1322	118068
511	1369	119437
510	1334	120771
509	1328	122099
508	1389	123488
507	1387	124875
506	1374	126249
505	1377	127626
504	1417	129043
503	1352	130395
502	1343	131738
501	1394	133132
500	1395	134527
499	1427	135954
498	1438	137392
497	1373	138765
496	1378	140143
495	1368	141511
494	1352	142863
493	1408	144271
492	1362	145633
491	1365	146998
490	1388	148386
489	1365	149751
488	1419	151170
487	1362	152532
486	1336	153868
485	1461	155329
484	1351	156680
483	1326	158006
482	1419	159425
481	1345	160770
480	1351	162121
479	1371	163492
478	1349	164841
477	1377	166218
476	1333	167551
475	1358	168909
474	1394	170303
473	1364	171667
472	1277	172944
471	1309	174253
470	1341	175594
469	1339	176933
468	1239	178172
467	1378	179550
466	1335	180885
465	1299	182184
464	1335	183519
463	1307	184826
462	1298	186124
461	1263	187387
460	1319	188706
459	1309	190015
458	1366	191381
457	1261	192642
456	1259	193901
455	1269	195170
454	1223	196393
453	1254	197647
452	1279	198926
451	1288	200214
450	1245	201459
449	1212	202671
448	1143	203814
447	1234	205048
446	1221	206269
445	1189	207458
444	1194	208652
443	1191	209843
442	1133	210976
441	1155	212131
440	1162	213293
439	1137	214430
438	1149	215579
437	1090	216669
436	1144	217813
435	1103	218916
434	1094	220010
433	1139	221149
432	1155	222304
431	1100	223404
430	1085	224489
429	1070	225559
428	1111	226670
427	1093	227763
426	1067	228830
425	1072	229902
424	1064	230966
423	1028	231994
422	1096	233090
421	986	234076
420	1030	235106
419	1022	236128
418	973	237101
417	973	238074
416	998	239072
415	984	240056
414	975	241031
413	971	242002
412	940	242942
411	996	243938
410	931	244869
409	945	245814
408	939	246753
407	912	247665
406	926	248591
405	927	249518
404	901	250419
403	858	251277
402	894	252171
401	899	253070
400	842	253912
399	870	254782
398	856	255638
397	829	256467
396	844	257311
395	838	258149
394	912	259061
393	841	259902
392	851	260753
391	818	261571
390	751	262322
389	796	263118
388	772	263890
387	820	264710
386	769	265479
385	773	266252
384	758	267010
383	801	267811
382	756	268567
381	777	269344
380	725	270069
379	747	270816
378	737	271553
377	758	272311
376	756	273067
375	726	273793
374	743	274536
373	744	275280
372	671	275951
371	687	276638
370	697	277335
369	752	278087
368	703	278790
367	729	279519
366	700	280219
365	666	280885
364	713	281598
363	654	282252
362	663	282915
361	641	283556
360	657	284213
359	661	284874
358	632	285506
357	680	286186
356	618	286804
355	639	287443
354	652	288095
353	567	288662
352	575	289237
351	601	289838
350	574	290412
349	597	291009
348	639	291648
347	561	292209
346	598	292807
345	556	293363
344	587	293950
343	576	294526
342	565	295091
341	550	295641
340	562	296203
339	570	296773
338	575	297348
337	581	297929
336	564	298493
335	513	299006
334	493	299499
333	527	300026
332	506	300532
331	488	301020
330	489	301509
329	530	302039
328	488	302527
327	522	303049
326	551	303600
325	523	304123
324	493	304616
323	487	305103
322	464	305567
321	507	306074
320	461	306535
319	447	306982
318	485	307467
317	479	307946
316	443	308389
315	425	308814
314	473	309287
313	410	309697
312	419	310116
311	459	310575
310	440	311015
309	416	311431
308	415	311846
307	413	312259
306	458	312717
305	424	313141
304	420	313561
303	421	313982
302	433	314415
301	449	314864
300	351	315215
299	403	315618
298	354	315972
297	376	316348
296	433	316781
295	363	317144
294	368	317512
293	383	317895
292	346	318241
291	310	318551
290	350	318901
289	321	319222
288	323	319545
287	332	319877
286	375	320252
285	347	320599
284	309	320908
283	329	321237
282	354	321591
281	306	321897
280	327	322224
279	314	322538
278	336	322874
277	311	323185
276	318	323503
275	303	323806
274	297	324103
273	292	324395
272	297	324692
271	288	324980
270	273	325253
269	284	325537
268	256	325793
267	265	326058
266	280	326338
265	270	326608
264	252	326860
263	261	327121
262	252	327373
261	250	327623
260	253	327876
259	238	328114
258	258	328372
257	233	328605
256	239	328844
255	235	329079
254	215	329294
253	222	329516
252	213	329729
251	216	329945
250	207	330152
249	201	330353
248	178	330531
247	220	330751
246	207	330958
245	214	331172
244	185	331357
243	215	331572
242	197	331769
241	202	331971
240	193	332164
239	177	332341
238	147	332488
237	166	332654
236	163	332817
235	149	332966
234	161	333127
233	136	333263
232	163	333426
231	134	333560
230	139	333699
229	137	333836
228	131	333967
227	114	334081
226	110	334191
225	111	334302
224	133	334435
223	108	334543
222	106	334649
221	133	334782
220	122	334904
219	110	335014
218	109	335123
217	95	335218
216	79	335297
215	82	335379
214	89	335468
213	72	335540
212	104	335644
211	86	335730
210	66	335796
209	59	335855
208	77	335932
207	92	336024
206	57	336081
205	77	336158
204	61	336219
203	55	336274
202	53	336327
201	77	336404
200	62	336466
199	32	336498
198	49	336547
197	37	336584
196	45	336629
195	46	336675
194	48	336723
193	43	336766
192	52	336818
191	33	336851
190	34	336885
189	42	336927
188	38	336965
187	39	337004
186	34	337038
185	27	337065
184	31	337096
183	27	337123
182	39	337162
181	25	337187
180	31	337218
179	35	337253
178	28	337281
177	17	337298
176	19	337317
175	19	337336
174	18	337354
173	22	337376
172	18	337394
171	36	337430
170	20	337450
169	17	337467
168	18	337485
167	18	337503
166	17	337520
165	14	337534
164	17	337551
163	22	337573
162	13	337586
161	13	337599
160	16	337615
159	16	337631
158	22	337653
157	14	337667
156	16	337683
155	13	337696
154	15	337711
153	8	337719
152	7	337726
151	9	337735
150	15	337750
149	13	337763
148	12	337775
147	6	337781
146	10	337791
145	7	337798
144	10	337808
143	11	337819
142	16	337835
141	7	337842
140	9	337851
139	7	337858
138	3	337861
137	9	337870
136	6	337876
135	3	337879
134	7	337886
133	6	337892
132	5	337897
131	4	337901
130	0	337901
129	4	337905
128	4	337909
127	5	337914
126	6	337920
125	2	337922
124	5	337927
123	4	337931
122	0	337931
121	5	337936
120	1	337937
119	3	337940
118	5	337945
117	3	337948
116	1	337949
115	4	337953
114	4	337957
113	3	337960
112	1	337961
111	4	337965
110	2	337967
109	1	337968
108	2	337970
107	2	337972
106	3	337975
105	0	337975
104	3	337978
103	4	337982
102	2	337984
101	3	337987
100	1	337988
