分数段	分数段人数（含本科加分）	累计人数
700	34	34
699	4	38
698	10	48
697	8	56
696	7	63
695	9	72
694	9	81
693	16	97
692	15	112
691	19	131
690	21	152
689	14	166
688	21	187
687	26	213
686	29	242
685	36	278
684	34	312
683	40	352
682	35	387
681	43	430
680	36	466
679	43	509
678	46	555
677	42	597
676	58	655
675	67	722
674	64	786
673	55	841
672	74	915
671	59	974
670	83	1057
669	94	1151
668	87	1238
667	95	1333
666	74	1407
665	112	1519
664	93	1612
663	105	1717
662	104	1821
661	102	1923
660	129	2052
659	126	2178
658	129	2307
657	152	2459
656	156	2615
655	159	2774
654	143	2917
653	140	3057
652	161	3218
651	179	3397
650	170	3567
649	182	3749
648	171	3920
647	166	4086
646	183	4269
645	195	4464
644	209	4673
643	218	4891
642	236	5127
641	211	5338
640	224	5562
639	211	5773
638	235	6008
637	236	6244
636	246	6490
635	279	6769
634	261	7030
633	284	7314
632	279	7593
631	263	7856
630	289	8145
629	281	8426
628	321	8747
627	301	9048
626	337	9385
625	319	9704
624	350	10054
623	333	10387
622	350	10737
621	351	11088
620	387	11475
619	370	11845
618	356	12201
617	377	12578
616	397	12975
615	392	13367
614	378	13745
613	377	14122
612	414	14536
611	412	14948
610	415	15363
609	466	15829
608	427	16256
607	425	16681
606	475	17156
605	476	17632
604	483	18115
603	497	18612
602	503	19115
601	507	19622
600	511	20133
599	522	20655
598	502	21157
597	516	21673
596	542	22215
595	596	22811
594	541	23352
593	558	23910
592	558	24468
591	557	25025
590	610	25635
589	580	26215
588	581	26796
587	639	27435
586	603	28038
585	628	28666
584	646	29312
583	629	29941
582	631	30572
581	645	31217
580	669	31886
579	643	32529
578	671	33200
577	655	33855
576	698	34553
575	741	35294
574	710	36004
573	716	36720
572	749	37469
571	765	38234
570	699	38933
569	720	39653
568	758	40411
567	764	41175
566	745	41920
565	769	42689
564	753	43442
563	778	44220
562	803	45023
561	877	45900
560	836	46736
559	796	47532
558	819	48351
557	836	49187
556	838	50025
555	872	50897
554	838	51735
553	875	52610
552	910	53520
551	852	54372
550	914	55286
549	917	56203
548	884	57087
547	904	57991
546	893	58884
545	924	59808
544	958	60766
543	900	61666
542	976	62642
541	992	63634
540	991	64625
539	970	65595
538	983	66578
537	970	67548
536	991	68539
535	1025	69564
534	984	70548
533	1060	71608
532	1015	72623
531	1007	73630
530	976	74606
529	1025	75631
528	1056	76687
527	1052	77739
526	1062	78801
525	1066	79867
524	1017	80884
523	1070	81954
522	1018	82972
521	1097	84069
520	1068	85137
519	1123	86260
518	1154	87414
517	1059	88473
516	1089	89562
515	1139	90701
514	1120	91821
513	1116	92937
512	1160	94097
511	1216	95313
510	1110	96423
509	1120	97543
508	1182	98725
507	1218	99943
506	1137	101080
505	1162	102242
504	1158	103400
503	1147	104547
502	1149	105696
501	1159	106855
500	1132	107987
499	1174	109161
498	1196	110357
497	1169	111526
496	1147	112673
495	1170	113843
494	1153	114996
493	1189	116185
492	1217	117402
491	1160	118562
490	1162	119724
489	1238	120962
488	1136	122098
487	1212	123310
486	1226	124536
485	1195	125731
484	1177	126908
483	1208	128116
482	1224	129340
481	1272	130612
480	1225	131837
479	1242	133079
478	1276	134355
477	1236	135591
476	1208	136799
475	1240	138039
474	1205	139244
473	1273	140517
472	1302	141819
471	1232	143051
470	1236	144287
469	1177	145464
468	1230	146694
467	1245	147939
466	1239	149178
465	1280	150458
464	1232	151690
463	1315	153005
462	1213	154218
461	1233	155451
460	1206	156657
459	1272	157929
458	1227	159156
457	1202	160358
456	1263	161621
455	1224	162845
454	1267	164112
453	1195	165307
452	1223	166530
451	1255	167785
450	1165	168950
449	1275	170225
448	1218	171443
447	1204	172647
446	1198	173845
445	1232	175077
444	1216	176293
443	1241	177534
442	1278	178812
441	1208	180020
440	1164	181184
439	1237	182421
438	1277	183698
437	1201	184899
436	1246	186145
435	1249	187394
434	1242	188636
433	1247	189883
432	1214	191097
431	1216	192313
430	1230	193543
429	1218	194761
428	1152	195913
427	1193	197106
426	1218	198324
425	1177	199501
424	1184	200685
423	1160	201845
422	1226	203071
421	1192	204263
420	1137	205400
419	1199	206599
418	1142	207741
417	1148	208889
416	1171	210060
415	1204	211264
414	1148	212412
413	1170	213582
412	1163	214745
411	1112	215857
410	1080	216937
409	1117	218054
408	1151	219205
407	1105	220310
406	1076	221386
405	1062	222448
404	1136	223584
403	1126	224710
402	1095	225805
401	1072	226877
400	1073	227950
399	1088	229038
398	1130	230168
397	1084	231252
396	1054	232306
395	1097	233403
394	1050	234453
393	1057	235510
392	1132	236642
391	1046	237688
390	1041	238729
389	1044	239773
388	1006	240779
387	1003	241782
386	1006	242788
385	1062	243850
384	1029	244879
383	1052	245931
382	1075	247006
381	968	247974
380	1106	249080
379	977	250057
378	978	251035
377	1024	252059
376	965	253024
375	963	253987
374	974	254961
373	951	255912
372	962	256874
371	952	257826
370	1007	258833
369	902	259735
368	933	260668
367	974	261642
366	937	262579
365	968	263547
364	898	264445
363	888	265333
362	958	266291
361	834	267125
360	889	268014
359	914	268928
358	956	269884
357	898	270782
356	883	271665
355	912	272577
354	884	273461
353	850	274311
352	870	275181
351	901	276082
350	845	276927
349	865	277792
348	806	278598
347	836	279434
346	913	280347
345	812	281159
344	870	282029
343	782	282811
342	832	283643
341	782	284425
340	771	285196
339	805	286001
338	757	286758
337	748	287506
336	793	288299
335	794	289093
334	741	289834
333	779	290613
332	780	291393
331	777	292170
330	766	292936
329	782	293718
328	718	294436
327	721	295157
326	724	295881
325	719	296600
324	770	297370
323	665	298035
322	739	298774
321	743	299517
320	703	300220
319	733	300953
318	704	301657
317	690	302347
316	714	303061
315	715	303776
314	724	304500
313	672	305172
312	675	305847
311	685	306532
310	658	307190
309	645	307835
308	649	308484
307	615	309099
306	631	309730
305	677	310407
304	637	311044
303	677	311721
302	573	312294
301	625	312919
300	638	313557
299	609	314166
298	655	314821
297	639	315460
296	634	316094
295	621	316715
294	644	317359
293	559	317918
292	625	318543
291	578	319121
290	587	319708
289	598	320306
288	558	320864
287	571	321435
286	549	321984
285	559	322543
284	565	323108
283	551	323659
282	579	324238
281	557	324795
280	527	325322
279	573	325895
278	498	326393
277	525	326918
276	521	327439
275	479	327918
274	511	328429
273	533	328962
272	532	329494
271	489	329983
270	515	330498
269	526	331024
268	520	331544
267	549	332093
266	511	332604
265	512	333116
264	483	333599
263	477	334076
262	474	334550
261	483	335033
260	459	335492
259	479	335971
258	507	336478
257	491	336969
256	482	337451
255	451	337902
254	471	338373
253	482	338855
252	438	339293
251	452	339745
250	493	340238
249	438	340676
248	442	341118
247	404	341522
246	431	341953
245	433	342386
244	435	342821
243	435	343256
242	421	343677
241	440	344117
240	422	344539
239	415	344954
238	444	345398
237	446	345844
236	410	346254
235	451	346705
234	430	347135
233	402	347537
232	395	347932
231	422	348354
230	411	348765
229	419	349184
228	368	349552
227	365	349917
226	368	350285
225	383	350668
224	442	351110
223	400	351510
222	377	351887
221	418	352305
220	370	352675
219	370	353045
218	399	353444
217	406	353850
216	365	354215
215	384	354599
214	391	354990
213	361	355351
212	381	355732
211	369	356101
210	354	356455
209	352	356807
208	342	357149
207	348	357497
206	346	357843
205	353	358196
204	348	358544
203	326	358870
202	344	359214
201	311	359525
200	353	359878
199	346	360224
198	332	360556
197	339	360895
196	332	361227
195	305	361532
194	312	361844
193	349	362193
192	310	362503
191	333	362836
190	336	363172
189	303	363475
188	301	363776
187	299	364075
186	287	364362
185	313	364675
184	287	364962
183	292	365254
182	310	365564
181	272	365836
180	263	366099
179	283	366382
178	301	366683
177	321	367004
176	247	367251
175	263	367514
174	232	367746
173	263	368009
172	287	368296
171	238	368534
170	252	368786
169	252	369038
168	247	369285
167	218	369503
166	214	369717
165	236	369953
164	229	370182
163	215	370397
162	184	370581
161	216	370797
160	197	370994
