7896
7199
4841
2237
6172
9613
4628
7769
3521
4988
3243
3211
7309
1338
1050
7787
8811
6338
2055
6901
9733
9182
3206
7474
5273
8575
3115
2719
8391
9942
8556
4829
3027
5230
4985
2257
6752
1064
1610
8664
2859
4015
1643
6448
5238
9789
8810
1945
6612
6505
9283
5941
7665
3655
8236
9355
7026
2895
9714
5416
7068
9122
9458
6920
1318
6724
2394
8795
3583
4575
8525
9615
8871
2145
5990
5149
4186
9159
6605
6003
1020
4566
5638
8573
8040
3905
2794
6473
6231
3665
8084
6795
4134
9506
7150
3168
8617
8239
2343
5081
