100023
100043
100206
100264
100293
100346
100556
100629
100644
100725
100796
100828
101103
101134
101171
101205
101424
101439
101444
101496
101509
101684
102160
102359
102433
102445
102456
102500
102508
102722
102809
102882
103107
103108
103168
103196
103202
103531
103576
103635
103785
103864
103980
103984
104021
104127
104139
104205
104391
104439
104461
104543
104577
104599
104620
104622
104631
104637
104872
104941
104957
104963
105020
105030
105281
105460
105564
105610
105719
105752
105824
105833
106174
106387
106388
106768
106858
106868
106975
107227
107400
107553
107632
107650
107737
107744
107815
107897
108038
108173
108232
108237
108289
108323
108342
108346
108446
108553
108627
108645
108721
108782
108827
108844
109098
109119
109219
109298
109303
109347
109655
109925
109973
110002
110061
110127
110129
110239
110517
110566
110602
110676
110790
110903
111052
111216
111249
111311
111458
111529
111595
111698
111741
111932
112073
112125
112157
112195
112284
112292
112376
112491
112550
112580
112636
112821
112965
113054
113072
113154
113262
113381
113386
113451
113763
113861
113893
113929
113946
114160
114247
114284
114357
114424
114564
114649
114650
114703
114729
114841
115273
115398
115407
115500
115599
115649
115788
116132
116135
116288
116357
116626
116926
116986
117067
117213
117302
117325
117571
117608
117646
117847
117922
118020
118065
118101
118130
118293
118305
118492
118837
118886
118933
119035
119105
119138
119172
119268
119367
119376
119393
119417
119513
119629
119633
119661
119718
119743
119795
119807
119835
119933
119944
120041
120041
120167
120210
120380
120407
120507
120577
120592
120705
120729
121061
121085
121150
121165
121708
121736
122056
122217
122324
122563
122566
122595
122611
122721
122941
122952
123089
123221
123292
123304
123343
123421
123727
123824
123892
123941
123966
124079
124182
124283
124312
124362
124534
124562
124678
124797
124807
124851
124983
125014
125027
125048
125167
125405
125440
125613
125639
125747
125774
125824
125851
125914
126020
126051
126206
126387
126391
126397
126522
126611
126643
126648
126735
126768
126775
126793
126960
126994
127113
127276
127294
127429
127490
127507
127543
127553
127577
127642
127688
127770
127912
127990
128151
128300
128356
128376
128390
128537
128572
128846
128885
128897
128956
129083
129364
129655
129730
129796
130258
130386
130533
130968
130992
131023
131134
131242
131421
131616
131628
131677
131703
131757
131894
132017
132107
132276
132318
132458
132462
132510
132854
132935
132941
132960
133189
133191
133392
133419
133519
133563
133767
133811
133917
134082
134114
134129
134188
134700
134739
134768
134795
134855
135031
135103
135108
135300
135406
135447
135499
135625
135666
135773
135775
135884
135905
135944
136051
136148
136171
136264
136298
136315
136318
136735
136961
137220
137282
137316
137342
137362
137647
137799
137809
137893
138040
138044
138303
138425
138434
138551
138667
138671
138945
138955
139094
139146
139235
139347
139605
139605
139694
139763
139792
140013
140375
140455
140509
140544
140587
140662
140698
140712
140853
141011
141028
141118
141142
141381
141428
141524
141542
141587
141596
141605
141752
141763
141765
141765
141885
141919
141993
142001
142091
142181
142582
142596
142634
142719
142791
142791
142825
142854
142876
142898
142975
142983
143044
143120
143138
143151
143181
143198
143374
143498
143545
143683
143686
143924
144019
144087
144117
144122
144138
144369
144399
144461
144817
144846
144919
144952
145214
145258
145313
145571
145734
145827
145952
145964
146150
146363
146412
146577
146620
146765
146778
146838
146849
146871
147017
147307
147500
147604
147755
147764
147874
148192
148203
148297
148372
148453
148678
148776
149094
149189
149256
149438
149560
149598
149650
149700
149706
149773
149780
149783
150255
150371
150393
150466
150533
150555
150598
150715
150765
150824
150888
150890
151202
151266
151565
151672
151704
151876
152113
152136
152248
152282
152316
152632
152705
152707
152739
152895
152926
153018
153020
153048
153192
153262
153285
153297
153754
153867
153940
153945
154032
154193
154360
154561
154585
154611
154651
154836
154915
154955
155098
155223
155242
155365
155555
155730
155784
155790
155922
156112
156141
156147
156500
156520
156631
156648
156717
156719
156788
156797
156992
156995
157022
157182
157268
157328
157475
157493
157819
157822
157898
158006
158057
158082
158113
158278
158288
158572
158669
158868
158903
159051
159121
159413
159690
160157
160354
160449
160569
160574
160608
160762
160810
160812
160824
160967
161034
161081
161198
161221
161347
161361
161467
161575
161699
161854
161908
162156
162303
162323
162456
162539
162808
162933
162945
162990
162996
163009
163053
163141
163255
163485
163585
163767
163958
164055
164073
164235
164404
164407
164754
164834
164859
164887
164929
164955
165031
165220
165250
165294
165420
165501
165526
165847
165891
166040
166109
166220
166304
166563
166575
166706
166796
166876
166895
166997
167019
167058
167066
167170
167486
167489
167505
167577
167638
167741
167823
167856
167912
168095
168237
168250
168271
168305
168308
168328
168332
168500
168536
168738
168859
168866
169067
169103
169248
169363
169704
169963
169996
170316
170329
170363
170419
170452
170584
170709
170816
170989
170989
171174
171220
171222
171303
171352
171381
171439
171532
171579
171670
171683
171687
171706
171871
172231
172373
172471
172517
172769
172802
173039
173051
173087
173339
173348
173432
173496
173501
173563
173602
173605
173699
173885
173902
173929
173997
173999
174037
174100
174134
174478
174536
174901
174941
174944
175255
175335
175431
175800
175898
175954
175978
176039
176291
176300
176307
176462
176575
176828
176846
176892
176912
176916
176938
177000
177006
177051
177173
177201
177202
177227
177361
177630
177639
177824
177928
177943
178026
178054
178087
178121
178176
178336
178464
178479
178519
178534
178538
178613
178701
178735
178790
178936
178963
179121
179140
179213
179667
179784
179825
179891
180075
180147
180170
180370
180390
180396
180486
180529
180692
180998
181187
181263
181313
181328
181374
181467
181668
181700
181723
181732
181895
181903
181922
181962
182015
182225
182255
182291
182325
182355
182397
182415
182515
182792
182995
183026
183063
183080
183293
183527
183583
183588
183597
183791
183991
184012
184066
184087
184170
184226
184263
184314
184338
184389
184478
184500
184588
184682
184709
184859
184919
184953
185053
185056
185192
185243
185635
186008
186157
186349
186612
186625
186703
186821
186959
186969
187048
187117
187177
187192
187347
187350
187433
187475
187501
187502
187561
187645
187974
187999
188038
188060
188165
188174
188236
188246
188566
188670
188771
188802
188926
189016
189105
189116
189287
189327
189346
189349
189438
189564
189624
189681
189733
189852
189885
189955
189994
190072
190164
190189
190207
190317
190345
190348
190413
190475
190478
190503
190626
190762
190829
190859
190876
190900
190931
191364
191479
191489
191583
191637
191692
191722
191825
191939
192131
192205
192316
192436
192554
192845
192885
192937
192950
193022
193056
193237
193328
193362
193366
193400
193635
193906
193976
194168
194245
194332
194351
194424
194476
194595
194704
194910
194967
195011
195083
195370
195371
195442
195500
195528
195546
195635
195680
195755
195778
195835
195896
195914
196340
196521
196786
197114
197214
197427
197553
197598
197637
197745
197916
197943
197951
198128
198243
198286
198323
198339
198434
198557
198609
198626
198630
198697
198768
198811
198843
198921
199011
199124
199192
199326
199533
199623
199718
200121
200225
200322
200407
200516
200632
200692
200826
200841
200936
201173
201178
201257
201687
201693
201947
201990
202006
202012
202123
202360
202466
202609
202654
202676
202790
202921
202941
203018
203059
203285
203409
203448
203566
203628
203637
203655
203694
203701
203749
203829
203847
203956
204005
204008
204012
204181
204187
204188
204270
204348
204513
204519
204531
204579
204582
204621
204632
204842
204972
205079
205257
205275
205301
205419
205446
205557
205603
205784
205849
205889
205958
205960
206045
206099
206150
206167
206249
206334
206426
206484
206556
206660
207166
207239
207303
207520
207542
207555
207774
207842
207894
207947
207990
208168
208271
208303
208357
208418
208546
208695
208830
208910
209029
209059
209075
209254
209318
209454
209540
209601
209804
209807
209817
209825
209959
210086
210092
210133
210355
210400
210404
210416
210504
210517
210529
210579
210582
210798
210945
210955
210990
211239
211299
211418
211427
211610
211752
211810
212255
212452
212519
212588
212988
213077
213131
213143
213162
213336
213358
213395
213468
213542
213737
213758
213790
213873
213917
213931
213937
214079
214245
214304
214313
214336
214379
214782
214850
214929
214946
215021
215021
215106
215133
215219
215325
215342
215365
215365
215484
215745
215773
215819
216061
216075
216092
216407
216410
216509
216552
216561
216635
216762
216777
216844
216874
217092
217163
217247
217285
217472
217513
217576
217614
217667
217668
217682
217702
217723
217759
217778
218078
218123
218151
218453
218484
218545
218780
218789
218805
218827
219129
219178
219377
219517
219669
219852
219895
220221
220286
220454
220622
220651
220674
220796
221215
221232
221237
221504
221582
221586
221652
221779
221812
221823
221842
221874
222305
222309
222429
222448
222725
222767
222822
222979
223286
223317
223369
223536
223566
223707
223908
223970
224043
224175
224347
224501
224528
224737
224825
225063
225099
225171
225182
225199
225202
225215
225419
225561
225611
225853
226140
226196
226237
226457
226508
226604
226615
226721
226734
226774
226781
227013
227167
227172
227200
227237
227254
227355
227529
227615
227620
227651
227682
228040
228097
228184
228301
228376
228376
228447
228515
228576
228707
228855
228876
228990
229013
229155
229473
229514
229630
229747
229799
229892
229924
230002
230083
230135
230154
230304
230310
230337
230683
230744
230887
230901
231197
231255
231268
231271
231428
231618
231630
231700
231931
231992
232082
232156
232320
232389
232422
232617
232731
232816
232837
233014
233055
233059
233274
233285
233289
233470
233489
233524
233701
233796
234139
234168
234186
234301
234344
234364
234436
234574
234649
234668
234794
234822
234979
234988
234992
235013
235147
235184
235210
235238
235328
235432
235476
235487
235635
235700
235859
236098
236270
236468
236481
236520
236554
236647
236790
236855
237101
237268
237325
237439
237500
237541
237680
237737
237826
237936
237995
238020
238071
238198
238232
238244
238279
238297
238318
238556
238569
238766
238899
239007
239023
239098
239189
239322
239332
239622
239834
239926
240022
240504
240724
240868
241078
241112
241363
241371
241378
241379
241545
241670
241717
242075
242087
242220
242238
242265
242268
242447
242656
243013
243120
243127
243214
243441
243674
243739
243791
243824
244007
244012
244012
244099
244101
244490
244531
244562
244656
244868
245073
245089
245137
245201
245232
245352
245553
245576
245702
245833
245964
245976
246075
246098
246148
246155
246242
246302
246353
246437
246442
246449
246450
246534
246575
246644
246666
246741
246865
247119
247412
247455
247591
247593
247704
247749
247841
247963
247965
248032
248092
248117
248193
248239
248299
248334
248348
248366
248424
248485
248571
248643
248646
248668
248697
248722
248724
248744
248941
249054
249360
249374
249463
249621
249763
249892
250101
250125
250128
250176
250177
250188
250374
250480
250497
250713
250783
250933
250967
251053
251373
251416
251507
251523
251664
251779
251798
251809
251882
252010
252093
252287
252345
252514
252573
252889
253071
253079
253193
253197
253311
253390
253392
253478
253553
253606
253617
253912
253920
253921
254002
254054
254095
254225
254229
254388
254472
254514
254617
254684
254724
254790
254873
254937
254939
255139
255156
255367
255382
255590
255672
255854
256048
256188
256505
256573
256604
256794
256972
257011
257153
257189
257236
257354
257358
257452
257523
257553
257561
257791
257827
257858
257892
257896
257969
257980
258006
258936
259025
259085
259127
259332
259348
259437
259450
259480
259556
259608
259759
259931
259974
259975
259999
260048
260085
260098
260199
260209
260226
260320
260425
260464
260529
260588
260634
260665
260688
260963
261076
261120
261166
261587
261951
262027
262099
262144
262167
262172
262227
262486
262546
262704
262870
262918
262927
263166
263364
263480
263545
263717
263925
263946
263988
264025
264064
264094
264122
264141
264187
264225
264319
264319
264330
264336
264369
264383
264468
264477
264581
264724
264929
265006
265098
265122
265562
265673
265905
266069
266205
266215
266229
266462
266466
266521
266521
266536
266658
266729
266884
266901
267140
267173
267194
267337
267342
267342
267665
267700
267918
268197
268283
268444
268521
268547
268579
268725
268773
268789
268822
268832
268840
268853
268985
269722
269777
270017
270018
270523
270582
270706
270829
270870
270900
270939
271016
271086
271262
271263
271294
271397
271453
271512
271527
272084
272158
272271
272319
272388
272393
272397
272422
272560
272884
272946
273226
273342
273547
273725
273727
273771
274117
274119
274144
274175
274220
274345
274593
274595
274674
274711
274836
274837
274845
274891
274931
275086
275164
275268
275377
275510
275659
276005
276043
276231
276234
276383
276501
276546
276663
276693
276705
276883
276907
276907
276958
277062
277289
277350
277415
277464
277507
277532
277535
277568
277578
277739
277752
277918
278008
278277
278550
278677
278736
278824
278942
279170
279494
279593
279690
279707
279730
279824
279842
279927
279946
280023
280109
280169
280416
280492
280596
280620
280621
280760
280792
280855
280889
281084
281127
281362
281430
281546
281546
281704
281718
281782
281868
281932
282092
282094
282301
282307
282308
282325
282360
282494
282553
282582
282632
282643
282657
282762
282791
282943
283037
283215
283411
283472
283510
283798
283822
283839
283839
283878
283957
283964
283991
284104
284292
284301
284316
284331
284343
284347
284506
284589
284797
284833
284834
284963
285015
285117
285222
285273
285329
285360
285515
285584
285706
285749
285764
285777
285922
285925
286058
286170
286179
286293
286340
286358
286386
286485
286550
286794
286849
286877
286880
287007
287017
287111
287214
287246
287374
287547
287679
287859
288030
288099
288205
288217
288318
288402
288408
288459
288495
288527
288699
288812
288818
288938
288943
289014
289018
289029
289144
289320
289361
289493
289593
289894
289948
290229
290333
290353
290450
290670
290712
290783
290821
290849
290912
291051
291508
291825
292012
292109
292151
292280
292301
292496
292677
292876
292894
292990
293021
293125
293148
293162
293172
293221
293449
293602
293603
293620
293802
293833
293840
293852
293864
293949
294187
294233
294265
294672
294751
294755
294877
294995
295095
295524
295591
295676
296218
296226
296257
296317
296413
296468
296504
296526
296527
296574
296619
296659
296762
296849
296865
296901
296944
297086
297139
297182
297436
297531
297784
297859
297905
297945
297980
298128
298142
298183
298290
298413
298444
298513
298625
298627
298790
298867
298882
299028
299031
299047
299118
299167
299170
299276
299325
299587
299637
299744
299853
299949
299988
300015
300119
300166
300287
300313
300472
300573
300683
300751
300839
300851
300864
300908
301162
301205
301247
301251
301259
301277
301358
301406
301585
301595
301768
301956
302037
302129
302171
302281
302382
302508
302618
302666
302870
302915
302958
303009
303056
303072
303439
303467
303567
303615
303637
303966
304012
304102
304253
304341
304529
304578
304578
304601
304693
304731
304801
304832
304885
304889
304953
305368
305388
305869
305959
306011
306165
306213
306324
306369
306476
306536
306551
306592
306741
306790
306852
306873
307087
307107
307156
307222
307233
307314
307446
307513
307526
307581
307788
307793
307818
307857
307931
307932
307981
308214
308425
308490
308803
308857
308871
308915
308916
308955
309312
309435
309539
309665
309756
309830
309865
309874
309898
309909
310070
310487
310773
310786
310928
311051
311099
311153
311266
311295
311313
311650
311794
311831
311837
311976
312027
312082
312150
312220
312501
312542
312548
312612
312671
312682
312716
312733
312744
312783
312913
312950
313125
313336
313408
313691
313764
313799
313833
313999
314212
314249
314444
314614
314731
314780
314949
315068
315108
315243
315256
315353
315414
315624
315689
315736
315747
315748
315834
315942
315960
316048
316083
316104
316116
316142
316145
316149
316216
316245
316246
316469
316483
316486
316529
316586
316612
316668
316673
316796
316960
317003
317079
317298
317318
317389
317398
317507
317563
317667
317677
317793
317956
318065
318119
318173
318229
318314
318350
318396
318889
319328
319353
319792
319889
319957
320017
320087
320286
320301
320323
320558
320692
321058
321125
321131
321153
321232
321250
321373
321397
321437
321748
321975
322047
322097
322103
322256
322290
322456
322465
322488
322494
322497
322818
322905
323036
323094
323117
323181
323424
323445
323491
323501
323530
323635
323706
323769
323832
324016
324101
324333
324491
324579
324886
325289
325301
325347
325521
325526
325722
325934
325942
326057
326207
326265
326442
326517
326602
326627
326866
326878
326996
327004
327117
327118
327248
327372
327385
327397
327439
327542
327563
327647
327650
327718
327727
327739
327899
327905
327945
328138
328366
328372
328392
328392
328650
328730
328767
328844
328881
328934
328950
328965
329002
329014
329030
329032
329176
329311
329317
329332
329352
329383
329498
329662
329944
330020
330083
330174
330231
330360
330475
330508
330511
330589
330737
330884
330904
330981
331018
331035
331047
331130
331136
331182
331225
331269
331332
331470
331508
331548
331583
331966
331977
332033
332061
332074
332142
332151
332152
332160
332164
332272
332396
332450
332523
332703
332739
332740
332826
332879
332943
333039
333082
333119
333155
333221
333771
333827
334102
334275
334406
334462
334603
334623
334680
334703
334706
334920
334956
335157
335467
335533
335707
335756
335928
335963
336182
336308
336329
336361
336554
336572
336699
336863
336925
337143
337179
337480
337550
337652
337674
337866
337912
337923
338201
338225
338236
338313
338321
338329
338388
338403
338457
338525
338569
338746
338760
338771
338852
338977
339003
339053
339381
339459
339551
339575
339579
339599
339748
339825
339884
339998
340334
340361
340449
340473
340528
340573
340597
340606
340619
341084
341091
341163
341237
341264
341587
341636
341719
342034
342117
342264
342342
342404
342416
342645
342667
342678
342742
342872
342944
342972
343115
343152
343189
343198
343225
343314
343375
343528
343605
343621
343843
343851
344013
344063
344105
344134
344288
344390
344414
344435
344487
344576
344595
344649
344650
344702
344767
344947
344998
345407
345419
345519
345637
345769
345801
345857
346022
346189
346202
346311
346574
346614
346673
347123
347296
347368
347455
347478
347480
347809
347928
348008
348050
348055
348073
348145
348215
348280
348354
348816
348864
349043
349104
349112
349162
349240
349261
349307
349313
349318
349390
349488
349518
349595
349623
349784
349806
349866
349870
350198
350304
350375
350392
350470
350582
350646
350902
350929
350992
351007
351161
351414
351459
351483
351594
351935
351949
352020
352271
352339
352365
352418
352459
352618
352646
352766
353039
353302
353347
353468
353535
353614
353744
353847
353989
354017
354091
354115
354233
354259
354303
354538
354539
354560
354647
354862
354965
355030
355066
355427
355595
355621
355764
355897
355994
356008
356310
356329
356366
356379
356517
356657
356665
356714
356732
356951
357062
357293
357439
357572
357590
357608
357808
357825
357935
357977
358058
358110
358153
358191
358225
358236
358247
358351
358530
358640
358643
358725
358759
358949
359128
359174
359195
359280
359402
359408
359604
359634
359769
359873
359920
360213
360364
360388
360392
360440
360448
360718
360740
360821
360828
360850
360861
360869
360894
360993
361095
361223
361351
361370
361593
361725
361743
361775
361910
361977
361994
362068
362076
362087
362174
362177
362246
362253
362337
362355
362396
362428
362521
362935
363077
363130
363134
363206
363326
363361
363427
363492
363530
363573
363596
364021
364055
364119
364188
364226
364364
364366
364456
364566
364586
364740
364995
365026
365323
365387
365472
365473
365506
365636
365665
365865
365873
365920
365942
366004
366039
366042
366074
366330
366363
366373
366535
366546
366632
366728
366802
366838
366860
366873
366903
367138
367298
367306
367385
367420
367571
367743
367807
368033
368141
368307
368552
368663
368683
368690
368793
368844
368856
368923
369019
369081
369102
369152
369160
369181
369265
369384
369394
369446
369507
369566
369635
369683
369690
369691
369989
370119
370382
370494
370692
370815
370916
370928
370950
371193
371490
371555
371559
371573
371606
371639
371646
371692
371695
371840
371891
371913
372064
372081
372172
372270
372431
372439
372495
372771
372795
372874
372918
372992
373029
373614
373674
373677
373845
373876
373880
373958
374006
374073
374122
374123
374193
374294
374299
374385
374389
374444
374536
374653
374727
374826
374873
374874
374889
374901
375057
375263
375276
375417
375430
375548
375967
375998
376063
376159
376161
376210
376305
376321
376456
376514
376801
376882
376914
376920
376929
376982
377173
377319
377413
377440
377458
377482
377492
377665
377959
378060
378151
378233
378323
378459
378569
378607
378727
378779
378786
378846
379128
379186
379198
379466
379518
379545
379738
379906
380169
380239
381105
381220
381277
381359
381363
381390
381436
381596
381679
381838
381870
381909
381962
382002
382127
382181
382249
382461
382471
382615
382630
382701
382788
382858
383215
383558
383559
383630
383644
383692
383792
383892
384021
384171
384381
384456
384800
384854
384889
384929
385012
385074
385088
385174
385192
385279
385357
385466
385472
385506
385531
385550
385730
385890
386029
386064
386128
386168
386288
386422
386651
386729
386737
386754
386864
386883
386975
386984
387131
387203
387349
387399
387414
387566
387668
387743
387751
387968
388059
388133
388174
388244
388754
388850
388914
388982
389002
389210
389368
389466
389501
389532
389746
389783
390271
390282
390306
390333
390528
390559
390584
390698
390892
391210
391339
391345
391667
391760
391821
391827
391926
391980
392008
392065
392167
392250
392309
392336
392372
392518
392615
392842
392915
392996
393030
393059
393267
393286
393328
393403
393458
393686
393747
393788
393817
393937
393952
394167
394233
394280
394340
394432
394435
394457
394656
394890
394991
395001
395015
395165
395223
395468
395638
395737
395935
396052
396062
396115
396182
396229
396333
396398
396450
396548
396817
396955
397096
397139
397388
397402
397493
397498
397510
397551
397618
397625
397917
397980
398012
398084
398089
398236
398312
398459
398461
398479
398579
398585
398613
398768
398887
398904
398932
398942
399182
399213
399265
399287
399357
399462
399546
399571
399609
399702
399793
399952
400065
400102
400225
400430
400434
400453
400789
400797
400832
400838
400860
400871
401430
401549
401645
401965
401997
402024
402110
402140
402187
402266
402288
402353
402368
402370
402423
402507
402525
402789
402963
402994
403040
403147
403199
403251
403287
403333
403353
403471
403471
403568
403609
403633
403654
403684
403878
403941
404114
404156
404223
404232
404244
404246
404269
404277
404293
404371
404372
404434
404448
404539
404569
404593
404599
404708
404763
404885
404963
404995
405021
405231
405402
405649
405658
405669
405707
405793
405912
405966
406022
406049
406050
406196
406201
406205
406229
406359
406593
406624
406776
406802
406830
406871
406972
406976
406985
407050
407067
407131
407164
407202
407226
407403
407600
407713
407987
408103
408132
408263
408284
408372
408383
408502
408512
408943
408955
409044
409108
409120
409316
409400
409416
409427
409455
409460
409543
409552
409573
409636
409694
409899
409932
409980
410120
410484
410607
410681
410848
410877
411060
411065
411211
411346
411393
411398
411755
411856
411992
412102
412414
412519
412752
412851
412967
413060
413061
413100
413101
413124
413129
413200
413220
413247
413255
413434
413607
413632
413718
413909
413910
414045
414136
414359
414387
414474
414622
414815
414882
414924
414941
414964
415033
415152
415186
415203
415262
415274
415344
415385
415763
415790
416032
416180
416197
416376
416380
416486
416495
416751
416761
416818
416843
416851
416939
416977
417110
417200
417264
417274
417298
417526
417526
417547
417586
417593
417613
417656
417735
417773
417992
418075
418076
418106
418153
418187
418218
418241
418292
418501
418537
418554
418561
418582
418631
418653
418777
418808
418978
418987
419081
419206
419470
419484
419534
419542
419590
419657
419686
419740
419914
419979
420297
420310
420365
420472
420544
420633
420651
420689
420781
420898
420929
421015
421018
421146
421186
421259
421369
421470
421491
421503
421537
421626
421701
421721
421891
421891
422032
422114
422170
422178
422449
422541
422544
422562
422945
423143
423157
423471
423595
423906
423927
424097
424259
424262
424300
424307
424344
424513
424524
424598
424653
424870
424897
425020
425055
425187
425296
425335
425385
425415
425420
425474
425538
425636
425918
425923
425991
426085
426214
426378
426521
426614
426671
426808
426824
426923
427131
427421
427470
427481
427545
427593
427650
427715
427735
427923
428183
428207
428495
428520
428547
428555
428584
428704
428994
429149
429190
429195
429356
429517
429524
429573
430491
430511
430525
430535
430619
430623
430698
430718
430755
430858
430868
430993
431040
431064
431222
431248
431317
431374
431683
431807
432235
432294
432327
432332
432358
432483
432484
432498
432616
432861
432886
432913
432917
433011
433168
433196
433382
433395
433529
433559
433764
433913
433922
434029
434052
434228
434329
434426
434451
434458
434488
434581
434622
434636
434867
434962
434984
435021
435047
435082
435120
435164
435248
435306
435399
435577
435719
435734
435839
435849
435889
436017
436141
436200
436232
436274
436351
436356
436367
436417
436627
436802
436897
437044
437047
437352
437387
437453
437627
437628
437657
437667
437721
437739
437774
437786
437827
437835
437972
438002
438171
438211
438273
438469
438560
438906
439022
439073
439100
439104
439339
439367
439538
439682
439735
439751
439760
439791
440299
440347
440413
440450
440713
440732
440813
440954
441100
441278
441379
441380
441465
441609
441623
441751
441820
442073
442089
442188
442240
442345
442354
442361
442397
442406
442486
442579
442644
442650
442714
442728
442832
442933
443123
443176
443282
443285
443424
443470
443575
443702
443761
443820
443837
444163
444194
444250
444425
444563
444666
444949
445101
445183
445223
445275
445294
445309
445648
445660
445714
445729
445869
445919
445935
446119
446121
446370
446621
446640
446704
446786
446908
447115
447336
447451
447456
447482
447500
447520
447548
447577
447665
447791
447994
448014
448055
448227
448236
448441
448544
448592
448652
448687
448913
448974
449141
449226
449333
449486
449512
449526
449636
449642
449710
449772
449880
450127
450138
450184
450334
450361
450388
450494
450498
450606
450615
450642
450650
450758
450939
450965
450977
451032
451046
451103
451146
451343
451366
451376
451566
451656
451669
451719
451908
451934
452042
452345
452376
452788
452935
452974
453039
453040
453062
453188
453225
453271
453279
453290
453359
453361
453379
453408
453445
453570
453954
454542
454544
454592
454648
454715
454804
454852
455028
455041
455123
455224
455342
455434
455638
455644
455657
455862
455953
455971
456247
456247
456643
456709
456711
456973
457045
457076
457231
457255
457284
457401
457537
457546
457838
457844
457927
458086
458229
458241
458315
458411
458441
458491
458614
458621
458644
458853
459041
459152
459188
459218
459356
459411
459497
459628
459818
459913
460046
460108
460244
460252
460290
460345
460359
460378
460560
460651
460734
460771
460805
460828
460912
461020
461034
461234
461698
461771
461902
461928
461954
461968
461986
462017
462108
462120
462209
462219
462243
462305
462306
462358
462384
462456
462557
462567
462595
462597
462660
462711
462711
462777
462815
462884
462903
462915
462962
463084
463118
463228
463390
463450
463490
463537
463537
463629
463694
463700
463857
464092
464110
464234
464309
464360
464408
464474
464542
464648
464677
464835
464901
465153
465534
465578
465619
465860
465953
465969
466030
466059
466197
466268
466393
466393
466472
466499
466781
466857
467042
467077
467110
467189
467263
467477
467517
467567
467631
467640
467642
467686
467737
467801
467808
467936
468069
468081
468091
468205
468261
468373
468419
468459
468535
468593
468678
468690
468805
468902
468933
468967
469043
469123
469524
469690
469729
469966
469983
470041
470216
470244
470274
470328
470482
470574
470575
470641
470665
470796
470986
471053
471262
471502
471536
471601
471781
472223
472442
472525
472679
472707
472825
472838
472935
473102
473240
473302
473426
473494
473524
473556
473578
473627
473661
473745
474010
474048
474169
474177
474186
474202
474359
474506
474757
474856
474888
474945
474993
475016
475113
475118
475222
475266
475313
475328
475334
475755
475862
475914
475914
476048
476291
476534
476567
476802
477016
477061
477088
477227
477281
477394
477510
477513
477605
477613
477691
477706
477820
477863
477895
477908
478083
478185
478214
478230
478280
478660
478699
478798
478907
478963
479045
479058
479234
479377
479453
479680
480048
480084
480128
480273
480460
480706
480878
480968
481193
481249
481304
481342
481386
481393
481408
481555
481822
481834
482005
482152
482204
482445
482524
482542
482817
483009
483016
483058
483129
483156
483261
483310
483320
483349
483390
483417
483488
483507
483749
483879
484187
484267
484267
484299
484392
484403
484436
484659
484940
484955
485035
485108
485128
485316
485363
485417
485428
485466
485698
485709
485871
485945
485977
486170
486211
486332
486338
486490
486494
486563
486584
486626
486635
486931
487040
487456
487489
487776
487794
488133
488255
488271
488317
488378
488436
488484
488715
488953
488987
489007
489049
489075
489130
489180
489202
489315
489318
489325
489371
489481
489612
489878
489942
490105
490242
490287
490298
490417
490600
490634
490775
490878
490888
490909
491040
491135
491298
491386
491461
491467
491520
491642
491684
491915
491961
492037
492076
492403
492413
492474
492531
492534
492546
492576
492595
492625
492695
492822
492832
492986
493037
493048
493061
493151
493274
493289
493548
493644
493781
493900
494180
494204
494230
494266
494295
494323
494558
494612
494654
494771
494838
495166
495233
495267
495295
495790
495846
495973
496143
496172
496172
496239
496313
496490
496522
496613
496621
496776
496802
496930
497039
497151
497187
497291
497346
497348
497418
497454
497537
497621
497695
497812
497814
497923
497966
498224
498402
498477
498519
498579
498608
498673
498721
498846
498861
498865
498883
499004
499019
499175
499188
499203
499286
499316
499421
499423
499509
499518
499559
499581
499602
499612
499841
499873
499894
499947
500080
500169
500197
500202
500286
500370
500512
500660
500708
500718
500800
500859
500958
501025
501097
501104
501204
501235
501312
501419
501421
501908
502054
502098
502230
502303
502340
502390
502400
502460
502569
502584
502617
502680
502781
502790
502836
502876
503142
503251
503557
503581
503620
503654
503673
503693
503845
503849
503925
503931
503951
503965
504274
504340
504427
504496
504500
504558
504620
504683
504699
504767
504802
504856
504918
504962
505007
505031
505073
505135
505149
505189
505281
505306
505368
505495
505889
505892
505907
506000
506158
506282
506295
506406
506415
506486
506522
506723
506755
506811
507009
507092
507141
507229
507238
507240
507272
507534
507609
507637
507705
507935
507943
507976
507986
507997
508028
508132
508293
508427
508450
508480
508487
508497
508544
508600
508605
508777
508900
508929
508952
508978
508988
509020
509118
509230
509352
509548
509555
509790
509801
509803
509867
509896
509909
510184
510306
510584
510619
510857
510938
510998
511025
511076
511216
511238
511286
511294
511364
511526
511566
511642
511679
511745
511858
511988
512002
512048
512121
512197
512248
512310
512310
512469
512475
512497
512522
512644
512796
512806
512817
512878
513059
513162
513272
513392
513505
513566
513772
513834
513969
514128
514191
514212
514247
514492
514735
514766
514827
514854
515013
515099
515107
515331
515414
515475
515620
515633
515724
515836
515861
515935
516082
516180
516259
516404
516437
516456
516466
516556
516588
516620
516916
516977
517021
517034
517149
517250
517528
517579
517628
517659
517713
518032
518179
518324
518333
518352
518367
518416
518562
518697
518707
518880
519098
519189
519396
519466
519483
519654
519808
519826
519846
519867
519910
519923
520055
520116
520151
520196
520198
520355
520472
520525
520632
520735
520799
520841
520873
520882
521049
521248
521258
521270
521340
521521
521661
521669
521716
521724
521731
521773
521786
521791
521801
521859
521927
521964
521986
522147
522221
522236
522452
522506
522556
522608
522620
522702
522779
522797
522979
523038
523063
523150
523216
523253
523285
523387
523598
523651
523676
523716
523790
523828
523916
523968
523990
524002
524014
524026
524090
524249
524314
524479
524607
524693
524876
524877
524971
525151
525212
525334
525336
525480
525519
525549
525563
525619
525630
525808
526102
526289
526304
526408
526575
526593
526643
526666
526713
526752
526784
526826
526882
526887
527069
527321
527335
527503
527562
527626
527634
527640
527866
527888
527891
527899
527933
527954
528054
528120
528159
528218
528413
528423
528492
528541
528716
529011
529082
529380
529455
529624
529672
529710
529717
529770
529892
530270
530396
530400
530544
530688
530691
530815
530923
530951
531194
531273
531374
531523
531571
531616
532062
532407
532538
532622
532664
532693
532706
532717
532835
532892
533009
533115
533202
533237
533302
533308
533449
533531
533569
533592
533655
533683
533767
533908
534005
534080
534192
534230
534242
534290
534327
534412
534420
534971
535008
535076
535156
535189
535411
535484
535552
535724
535761
535773
535825
535885
535902
535961
535974
536046
536087
536149
536258
536293
536344
536385
536486
536554
536664
536668
536819
536956
537071
537243
537609
537654
537694
537994
538168
538275
538291
538386
538397
538403
538423
538523
538591
538664
538737
538786
538795
539274
539495
539559
539630
539747
539834
539866
540009
540120
540162
540264
540296
540463
540540
540587
540629
540860
540964
540970
540990
540996
541268
541340
541413
541503
541681
541769
541824
541888
541948
542093
542132
542285
542694
542759
542836
543002
543032
543047
543430
543565
543692
543765
543774
543819
543867
544174
544201
544204
544638
544676
544693
544795
544839
544884
544920
545112
545142
545357
545554
545562
545583
545709
545731
545733
545878
545905
545946
545979
546033
546096
546302
546315
546363
546570
546599
546703
546790
546813
546939
547034
547059
547176
547179
547380
547417
547512
547646
547652
547701
547870
547922
547930
547952
548225
548238
548258
548303
548373
548931
548996
549010
549073
549132
549215
549224
549258
549259
549420
549567
549627
549689
549704
549718
549735
549893
550078
550337
550364
550387
550396
550398
550495
550525
550828
550841
550876
551021
551120
551177
551202
551232
551368
551400
551463
551558
551677
551800
551865
551900
552091
552412
552434
552551
552660
552880
552911
553065
553097
553120
553207
553442
553551
553691
553793
553823
553941
554037
554337
554449
554567
554600
554619
554662
554763
554780
554806
554829
554953
555018
555032
555088
555171
555540
555667
555693
555849
556046
556054
556170
556498
556520
556593
556657
556659
556887
556921
556926
557090
557099
557374
557390
557395
557564
557672
557712
557814
557924
558037
558117
558142
558204
558242
558260
558283
558434
558587
558590
558666
558706
558732
558813
559007
559064
559272
559273
559311
559333
559405
559411
559421
559455
559587
559842
559847
559851
559863
559999
560131
560140
560147
560188
560231
560289
560355
560375
560382
560393
560585
560637
560646
560788
560799
560869
560929
561016
561135
561411
561452
561571
561614
561647
561935
561991
562016
562022
562048
562062
562076
562165
562170
562195
562242
562247
562331
562408
562491
562671
562922
562929
563032
563109
563204
563206
563215
563254
563303
563617
563618
563638
563672
563751
563840
563869
563961
563968
564003
564039
564083
564115
564228
564370
564551
564621
564663
564776
564779
564819
564842
564898
565014
565023
565106
565487
565612
565676
566019
566039
566057
566097
566191
566205
566324
566401
566683
566775
566903
566957
566988
566990
567045
567183
567264
567613
567676
567726
567777
567819
567874
567902
567959
568069
568305
568313
568357
568404
568466
568492
568613
568662
568679
568741
568773
568815
568832
568900
568982
569120
569165
569191
569203
569271
569287
569294
569333
569362
569638
569844
569845
569899
570010
570018
570027
570308
570342
570658
570659
570668
570724
571140
571228
571332
571530
571626
571683
571716
571717
571769
572101
572140
572187
572299
572449
572682
572807
573143
573347
573362
573469
573529
573605
573612
573711
573732
573742
573832
573869
573900
573996
574037
574099
574192
574227
574281
574414
574472
574488
574543
574565
574615
574664
574747
574756
574808
574866
574876
575276
575507
575537
575635
575690
575857
575932
575939
575954
575959
575961
576084
576173
576614
576681
576715
576869
576968
576969
577074
577100
577150
577242
577446
577484
577542
577767
577834
577973
578034
578063
578142
578177
578196
578203
578336
578355
578384
578435
578446
578740
578755
578928
578980
579111
579170
579276
579373
579388
579867
580026
580058
580076
580098
580119
580173
580376
580437
580507
580825
580845
580965
581152
581198
581219
581272
581374
581517
581613
581795
581808
581919
581986
582044
582116
582205
582440
582496
582584
582677
582956
582990
583105
583211
583394
583539
583595
583659
583887
583895
583898
583912
584023
584060
584114
584128
584131
584215
584269
584495
584576
584669
584818
584841
584876
584932
585100
585123
585189
585257
585322
585346
585385
585400
585631
585656
585709
586644
586723
586733
586761
586843
586894
586965
587070
587212
587369
587434
587489
587801
587818
587844
587897
587918
588083
588247
588491
588742
588812
588815
588904
589007
589264
589278
589329
589470
589642
589651
589697
589713
589756
589797
589874
589947
590029
590056
590077
590079
590121
590184
590413
590459
590531
590546
590704
590745
590911
590939
590963
591172
591196
591204
591266
591290
591313
591527
591527
591534
591592
591598
591630
591633
591864
591867
591876
591988
592037
592170
592268
592380
592384
592467
592467
592552
592604
592611
592720
592745
592776
592822
593004
593025
593029
593151
593269
593350
593493
593809
593958
594171
594209
594579
594593
594664
594796
594973
595015
595017
595118
595121
595203
595319
595380
595588
595593
595658
595749
595840
595848
595953
595953
595975
596046
596136
596188
596218
596404
596455
596528
596528
596549
596572
596615
596910
597164
597213
597248
597251
597434
597501
597547
597615
597691
597833
597904
598193
598263
598306
598308
598686
598736
598746
598756
598825
598877
598984
599121
599141
599216
599283
599381
599508
599536
599629
599786
599840
599890
599971
600049
600055
600155
600208
600284
600648
600674
600900
600940
601166
601446
601545
601672
601752
602092
602102
602330
602552
602724
602736
602754
602799
602915
602969
602998
603042
603047
603113
603137
603297
603551
603611
603762
603953
604039
604198
604435
604475
604511
604596
604657
604926
605130
605369
605594
605642
605667
605886
605887
606926
606991
607023
607129
607196
607322
607441
607441
607525
607563
607866
607958
608006
608358
608444
608453
608594
608874
609093
609130
609197
609232
609272
609394
609482
609554
609595
609778
609788
609850
610098
610352
610372
610382
610410
610467
610482
610507
610519
610674
610770
610847
610856
610919
611033
611064
611082
611193
611308
611588
611727
611749
611779
612388
612447
612527
612678
612716
612812
612938
612983
613049
613157
613183
613245
613250
613381
613541
613623
613972
614044
614064
614101
614108
614279
614307
614326
614500
614538
614574
614629
614766
614787
614823
614823
614849
614856
614949
615018
615154
615414
615429
615436
615508
615610
615646
615754
615793
615814
615838
615919
616184
616203
616205
616219
616277
616337
616781
616839
616953
617038
617043
617116
617298
617349
617536
617637
617702
617711
617747
617784
617933
617939
617981
618129
618168
618200
618430
618460
618750
618789
618920
619165
619233
619568
619637
619684
619780
619969
620082
620120
620129
620220
620283
620620
620733
620757
620961
621002
621104
621205
621219
621312
621392
621410
621465
621482
621541
621607
621635
621959
621971
622551
622552
622620
622646
622956
622986
623002
623157
623233
623362
623490
623541
623545
623560
623740
623755
623873
624177
624433
624473
624604
624909
624927
625133
625282
625317
625386
625411
625617
625700
625704
625805
625914
625983
626115
626115
626183
626210
626273
626330
626372
626511
626707
626781
626818
626853
626880
626897
627017
627029
627053
627076
627304
627362
627654
627686
627744
627850
628069
628105
628341
628445
628485
628521
628578
628623
628695
628785
628923
628930
628945
629015
629045
629077
629179
629212
629218
629302
629365
629404
629476
629499
629606
629739
629786
629953
630054
630141
630282
630341
630342
630392
630427
630445
630506
631035
631085
631308
631380
631387
631401
631596
631782
631858
631925
632051
632401
632440
632481
632499
632559
632615
632631
632650
632782
632849
632955
633072
633088
633115
633193
633246
633311
633387
633454
633565
633748
633855
633859
633902
634030
634059
634065
634149
634167
634222
634226
634277
634320
634351
634390
634474
634512
634523
634565
634586
634698
634941
634985
634996
635007
635052
635059
635216
635344
635515
635635
635652
635803
635971
635999
636036
636094
636530
636536
636693
636703
636734
636859
636954
636990
637037
637235
637317
637342
637455
637590
637623
637678
637825
637956
637977
638055
638111
638134
638261
638581
638906
638953
638985
639024
639031
639064
639083
639117
639178
639322
639384
639448
639488
639563
639603
639726
639960
639981
640013
640095
640261
640466
640526
640551
640663
640688
640741
641010
641073
641108
641218
641292
641333
641392
641408
641425
641430
641460
641479
641487
641525
641913
642064
642113
642228
642614
642788
642836
642915
642929
642947
642990
643024
643037
643044
643183
643349
643369
643452
643510
643772
643854
643906
643935
643987
643998
644162
644198
644293
644453
644519
644593
644607
644750
644911
644982
645041
645216
645282
645282
645322
645400
645496
645498
645666
645824
645919
645997
646012
646105
646510
646636
646669
646782
647234
647538
647546
647758
647777
647809
647966
647990
648009
648276
648280
648318
648411
648530
648562
648565
648611
648706
648743
649136
649382
649390
649397
649604
649676
649941
649996
650124
650128
650156
650248
650300
650529
650797
650817
651060
651082
651089
651111
651155
651161
651255
651485
651563
651718
651791
651839
652027
652050
652126
652145
652465
652470
652759
652761
652762
652936
653012
653246
653279
653487
653694
653891
654052
654093
654184
654306
654637
654750
654825
654850
654932
654958
655037
655386
655409
655429
655447
655466
655546
655601
655628
655643
655674
655717
655723
655815
655887
656087
656110
656276
656295
656314
656381
656424
656477
656608
656655
656692
656945
656973
657148
657301
657446
657475
657951
658294
658330
658364
658389
658476
658541
658570
658666
658684
658775
658998
659066
659146
659163
659338
659400
659468
659512
659810
659898
659939
660001
660003
660136
660143
660252
660286
660299
660309
660317
660374
660704
660729
661232
661329
661650
661658
662355
662366
662407
662468
662699
662849
662997
663017
663165
663187
663343
663356
663424
663603
663701
663729
663765
663818
663818
663858
663992
664039
664150
664171
664297
664361
664418
664500
664521
664573
664673
664677
664756
664836
664844
664997
665239
665372
665376
665444
665464
665490
665492
665518
665666
665678
665701
665985
666100
666330
666374
666536
666731
666826
666829
666943
666953
667047
667132
667175
667214
667455
667521
667537
667556
667649
667795
667901
667914
667956
668116
668180
668218
668305
668305
668376
668437
668489
668532
668579
668792
668988
669006
669562
669588
669614
669666
669676
669868
669875
669910
670018
670217
670227
670251
670315
670316
670382
670497
670544
670815
671031
671128
671164
671264
671545
671595
671623
671762
671815
671818
671837
671926
671981
672001
672099
672134
672204
672574
672703
672723
672781
672875
672901
672994
673049
673255
673337
673453
673454
673469
673589
673951
674005
674081
674126
674206
674245
674268
674347
674364
674367
674502
674657
674661
674696
674765
674902
674919
674979
675028
675046
675085
675123
675161
675242
675340
675416
675560
675781
675855
675875
675940
675947
676020
676209
676308
676361
676452
676456
676466
676490
676601
676630
676703
676751
676788
676837
676888
676943
676961
677130
677199
677227
677281
677431
677562
677674
677735
677737
678029
678092
678123
678277
678331
678360
678379
678398
678427
678459
678614
678733
678839
678857
678941
678975
679034
679036
679121
679238
679509
679516
679532
679673
679755
679785
679992
680160
680227
680299
680344
680584
680680
680812
681095
681231
681427
681440
681513
681515
681544
681752
681759
681799
681810
681828
681851
681869
681878
682532
682560
682735
682847
682867
682876
683025
683126
683130
683146
683216
683234
683373
683418
683523
683545
683613
683732
683787
683822
683938
683981
684089
684182
684244
684271
684304
684392
684499
684612
684717
684738
684774
685020
685049
685082
685136
685250
685369
685382
685408
685412
685633
685711
685737
685992
686049
686091
686096
686247
686321
686373
686420
686427
686443
686508
686697
686729
686754
686808
686827
686841
686923
687038
687084
687465
687668
687782
687949
687963
687981
687986
688017
688133
688235
688279
688387
688453
688459
688543
688692
688718
688779
688790
688814
688938
688953
689022
689048
689063
689074
689139
689147
689179
689238
689243
689250
689514
689520
689618
689653
689746
689828
689906
689960
689995
690007
690091
690157
690161
690163
690411
690593
690617
690852
690920
691002
691050
691259
691298
691309
691370
691402
691436
691508
691572
691579
691696
692098
692125
692128
692134
692243
692429
692468
692511
692775
692815
692842
693095
693118
693195
693339
693446
693477
693492
693599
693624
693628
693731
693738
693848
693890
693904
693968
693970
694001
694088
694133
694311
694556
694681
694682
694721
694726
694837
694934
694942
695004
695049
695054
695120
695128
695316
695383
695417
695522
695574
695895
695995
696121
696336
696427
696456
696655
696666
696667
696725
696953
696960
697013
697137
697338
697348
697391
697496
697518
697703
697738
697820
697843
697888
697943
698030
698059
698196
698306
698412
698488
698550
698581
698655
698951
699065
699098
699271
699374
699402
699469
699482
699644
699697
699793
699814
699941
699974
700413
700452
700561
700644
700666
700704
700883
700892
700949
700958
700998
701063
701355
701416
701464
701465
701883
701924
701954
702037
702068
702071
702198
702306
702378
702447
702449
702675
702758
702873
702969
703037
703044
703048
703070
703078
703223
703337
703416
703581
703663
703673
703722
703979
703996
704035
704201
704249
704256
704319
704337
704487
704491
704519
704912
704923
705012
705014
705024
705080
705161
705164
705195
705261
705280
705306
705319
705396
705530
705723
705729
705745
705783
705841
705859
705883
705886
705892
705951
706038
706049
706110
706129
706142
706337
706378
706558
706588
706603
706690
706779
706841
706869
707581
707637
707704
707790
707810
707922
708036
708078
708082
708216
708389
708729
708741
708798
708902
708922
709019
709037
709083
709117
709448
709482
709529
709763
709848
709853
709906
709923
709959
710141
710250
710329
710437
710585
710655
710865
710982
711028
711147
711572
711599
711676
711702
711862
711944
711947
712028
712300
712412
712543
712797
712832
712842
712858
713059
713149
713152
713364
713388
713394
713510
713613
713676
713750
713923
713982
714104
714297
714308
714318
714481
714589
714640
714672
714918
715057
715063
715091
715210
715299
715331
715570
715740
715812
715864
715915
716008
716106
716180
716291
716321
716379
716414
716495
716516
716611
716622
716629
716795
716849
716913
717022
717269
717581
717632
717785
717838
717952
717970
717990
718126
718159
718242
718255
718349
718360
718369
718416
718662
718690
718838
718852
718904
718921
719084
719142
719147
719163
719263
719272
719311
719383
719551
719554
719707
719876
719926
720075
720276
720297
720638
720648
720767
720816
720859
720952
721022
721025
721122
721389
721511
721560
721600
721653
721690
721873
721889
722006
722048
722054
722091
722095
722212
722403
722506
722519
722632
722674
722691
722728
722825
722900
723184
723304
723322
723343
723365
723442
723486
723492
723588
723609
723624
724122
724195
724299
724323
724359
724504
724522
724625
724779
724854
724872
724951
724984
725014
725070
725232
725255
725315
725426
725484
725523
725619
725653
725684
725815
725859
725940
725987
726214
726276
726278
726457
726466
726497
726646
726691
726692
726876
726883
727000
727061
727148
727149
727197
727242
727459
727609
727640
727739
727845
727849
727972
728061
728082
728109
728198
728380
728399
728468
728502
728506
728585
728665
728893
728936
728968
729065
729101
729367
729383
729435
729488
729611
729620
729650
729741
729784
729847
730168
730319
730406
730753
730818
730927
731082
731108
731538
731592
731671
731796
732145
732213
732258
732308
732373
732450
732474
732807
732856
732947
732972
733227
733308
733532
733568
733624
733641
733938
734083
734257
734461
734470
734549
734566
734642
734754
735037
735044
735060
735122
735217
735385
735442
735511
735551
735827
735829
735987
736045
736058
736064
736145
736245
736624
736652
736921
737054
737147
737272
737377
737461
737464
737517
737698
737728
737785
738019
738160
738206
738240
738329
738338
738390
738477
738580
738631
738800
738801
738998
739233
739254
739563
739566
739616
739781
739840
739886
739944
739956
740270
740299
740333
740433
740442
740447
740510
740589
740629
740658
740663
740795
740870
740967
741310
741826
741939
742117
742130
742143
742161
742662
742709
742832
742867
742969
743038
743111
743142
743143
743326
743354
743376
743882
743942
744108
744215
744241
744462
744617
744701
744730
745034
745374
745442
745445
745507
745618
745636
745716
745718
745769
745793
745878
745924
746154
746226
746247
746249
746388
746399
746418
746548
746550
746605
746610
746671
746849
746908
746995
747066
747121
747190
747362
747627
747668
747926
748305
748318
748406
748472
748551
748728
748780
748798
748861
748893
748898
749001
749012
749022
749035
749046
749170
749185
749288
749305
749365
749445
749564
749577
749652
749696
749701
749728
749952
750051
750055
750162
750188
750263
750272
750314
750370
750397
750434
750879
750922
751039
751155
751323
751349
751510
751636
751658
751669
751833
751881
752163
752327
752510
752511
752561
752641
752656
752677
752850
752890
752965
753049
753084
753247
753297
753299
753428
753588
753607
753738
754207
754492
754554
754678
754687
754718
754865
754964
754967
755039
755061
755100
755188
755339
755349
755355
755367
755418
755432
755456
755477
755570
755643
755654
755749
755900
756037
756061
756114
756254
756368
756388
756463
756596
756796
757017
757237
757347
757401
757545
757559
757576
757628
757976
758063
758090
758091
758147
758184
758193
758307
758725
758907
758915
758930
758977
758982
759292
759332
759417
759480
759831
759853
759901
759934
760017
760053
760204
760379
760542
760801
760817
760821
760855
760962
761197
761324
761385
761491
761600
761620
761653
761769
761858
761917
761939
761958
762019
762052
762060
762254
762293
762374
762726
762736
762884
762963
763185
763186
763507
763537
763587
763717
763731
763795
763916
763961
764235
764238
764314
764365
764532
765447
765783
765795
765891
765910
765958
765973
766075
766306
766566
766634
766850
766961
767048
767336
767489
767493
767531
767614
767641
767736
767870
768105
768235
768283
768302
768421
768518
768587
768797
768927
768983
769141
769164
769242
769300
769424
769431
769545
769747
769836
769993
770229
770365
770588
770626
770677
770720
770731
770749
770862
770901
770901
770912
770927
770960
771351
771431
771511
771536
771647
771997
772196
772210
772264
772307
772358
772542
772570
772653
772850
773003
773110
773201
773218
773233
773302
773316
773552
773580
773620
773784
774271
774343
774403
774517
774608
774630
774664
774825
774843
774988
775028
775072
775117
775334
775353
775432
775453
775459
775631
775733
775801
775803
775893
776039
776054
776062
776235
776503
776587
776649
776718
776781
776888
777077
777433
777570
777601
777677
777693
777769
777889
777896
777993
778036
778112
778117
778130
778181
778183
778347
778537
778639
778746
778823
778912
778980
779048
779116
779119
779131
779147
779193
779201
779259
779348
779377
779454
779463
779620
779640
779659
779704
779741
779801
779804
779805
779975
779992
780035
780062
780242
780265
780273
780409
780453
780489
780555
780575
780678
780698
780846
780864
781027
781055
781099
781330
781355
781367
781411
781533
781579
781636
781860
781891
781943
782031
782069
782225
782257
782291
782357
782413
782583
782590
782615
782897
782921
782969
783073
783121
783130
783141
783396
783506
783523
783765
783881
783980
784191
784270
784281
784287
784444
784510
784530
784532
784587
784700
784794
784897
785024
785205
785250
785363
785378
785720
785764
785978
786113
786526
786607
786710
786839
786914
786924
786993
786998
787041
787140
787144
787224
787252
787388
787487
787720
787721
787743
787801
787922
788054
788162
788256
788567
788633
788667
789003
789013
789013
789111
789130
789163
789198
789217
789343
789356
789376
789408
789580
789721
789925
790055
790168
790241
790346
790366
790468
790541
790545
790695
790868
790928
791020
791106
791247
791270
791304
791394
791494
791675
791939
791967
791980
792004
792228
792269
792548
792608
792633
792677
792683
792697
792719
792749
792758
792921
792967
793020
793075
793096
793220
793244
793430
793482
793621
793656
793676
793891
793974
794071
794097
794100
794215
794230
794306
794522
794696
794786
795038
795199
795414
795535
795686
795716
795867
795985
796036
796072
796094
796116
796386
796408
796456
796567
796590
796597
796816
796920
796997
797146
797161
797532
797571
797755
797802
797984
798102
798107
798197
798396
798417
798452
798688
798698
798756
798918
798924
799171
799251
799271
799409
799629
799792
799845
799917
799924
799984
800005
800056
800539
800589
800634
800635
800795
800804
800972
801010
801067
801122
801125
801231
801455
801551
801586
801620
801644
801791
801821
802021
802022
802091
802346
802386
802465
802467
802493
802558
802574
802604
802745
802811
802837
802920
803088
803124
803232
803306
803318
803334
803380
803380
803395
803413
803436
803540
803590
803692
803713
803720
803734
803765
803916
804005
804069
804553
804554
804559
804578
804648
804799
804924
804950
805178
805285
805293
805759
805812
805812
806033
806052
806109
806123
806160
806183
806227
806289
806455
806655
806725
806736
806956
807132
807144
807303
807325
807362
807453
807493
807567
807788
807916
807942
807988
808189
808531
808537
808602
808677
808786
808889
808935
808961
808971
809010
809066
809118
809166
809283
809292
809348
809391
809563
809599
809749
809803
809823
809860
809883
809937
810209
810322
810324
810332
810375
810377
810381
810427
810438
810756
810971
811039
811084
811143
811174
811318
811422
811452
811503
811551
811580
811598
811611
811662
811731
811772
811780
811819
811827
811939
811951
811954
812065
812070
812095
812238
812300
812365
812592
812594
812739
812741
812744
812911
812956
812995
813088
813096
813232
813242
813317
813361
813379
813383
813709
813749
813800
813972
814205
814228
814390
814487
814558
814695
814895
815080
815153
815218
815531
815678
815746
815819
815832
815862
815929
815967
815975
816252
816296
816352
816463
816524
816593
816594
816652
816668
816686
817205
817326
817460
817552
817615
817626
817674
817800
817880
818137
818154
818557
818624
818728
818912
818968
818995
819123
819255
819303
819372
819457
819483
819513
819681
820039
820042
820074
820146
820226
820246
820457
820504
820641
820808
820891
820937
820984
821221
821237
821306
821322
821431
821435
821618
821975
822017
822045
822081
822304
822353
822372
822412
822443
822459
822514
822706
822724
822790
822806
823417
823417
823469
823487
823548
823682
823704
824108
824172
824211
824259
824335
824353
824490
824823
824920
824985
825063
825063
825113
825117
825140
825257
825288
825371
825424
825755
825805
825857
825884
826016
826071
826086
826104
826168
826183
826248
826279
826312
826383
826450
826458
826479
826540
826608
826628
826639
826679
826719
826743
826973
826992
826997
827061
827099
827113
827131
827289
827378
827495
827574
828067
828075
828512
828524
828637
828665
828926
828959
829005
829067
829088
829107
829115
829157
829255
829306
829484
829615
829663
829675
829838
829843
829879
829951
830045
830167
830205
830219
830228
830403
830492
830504
830569
830595
830804
831005
831226
831284
831289
831326
831343
831468
831493
831530
831554
831600
831603
831627
831829
831848
831968
832198
832238
832307
832359
832525
832569
832651
833009
833096
833160
833315
833455
833709
833906
834000
834070
834473
834479
834532
834559
834562
834573
834748
834755
834934
834965
834982
835032
835161
835475
835484
835513
835989
835989
836000
836324
836658
836677
836714
836829
836876
837037
837310
837363
837457
837734
837745
837951
838009
838183
838187
838192
838206
838251
838275
838298
838524
838543
838571
838760
838769
838806
838993
839052
839058
839061
839115
839261
839335
839469
839488
839563
839608
839616
839730
839777
840010
840035
840244
840313
840477
840517
840605
840690
840793
840824
840857
840872
840939
841040
841138
841187
841209
841224
841264
841368
841419
841860
841926
841985
841997
842031
842184
842191
842244
842263
842350
842518
842799
842855
842869
842989
843181
843185
843322
843331
843334
843417
843477
843643
843790
843793
843809
843841
843865
844108
844167
844201
844238
844500
844776
844784
844820
844861
844914
845095
845100
845139
845212
845222
845236
845248
845269
845329
845402
845407
845416
845655
845676
845926
845929
845992
846065
846123
846283
846364
846412
846480
846576
846741
846753
846861
846874
847082
847119
847239
847288
847334
847348
847437
847646
847664
847785
847800
847912
848180
848203
848469
848631
848786
848848
848926
849104
849224
849228
849282
849301
849309
849404
849509
849544
849724
849856
849995
850062
850126
850264
850356
850617
850624
850877
850894
851021
851072
851151
851179
851279
851306
851505
851847
851911
851921
852065
852091
852186
852253
852336
852522
852740
852880
852993
853125
853162
853212
853297
853368
853430
853575
853677
853689
853914
853978
854079
854153
854242
854250
854257
854271
854318
854358
854708
854778
854871
854984
855089
855107
855151
855276
855423
855652
855793
855812
855919
856001
856013
856066
856141
856194
856298
856422
856579
856752
856774
856841
856843
856873
856892
856894
857020
857021
857071
857192
857262
857288
857330
857333
857352
857636
857684
857750
857751
857780
857916
857977
858010
858038
858067
858082
858102
858164
858276
858353
858594
858606
858650
858879
858888
858960
859040
859080
859093
859132
859210
859262
859303
859554
859561
859569
859576
859684
859760
859765
859900
860010
860136
860220
860324
860440
860660
860705
860729
860729
860756
860777
860815
860927
861072
861354
861362
861432
861478
861640
861647
861677
861724
861797
861880
862286
862308
862566
862611
862665
862730
862781
862848
862853
862857
862888
863086
863254
863272
863320
863374
863392
863455
863597
863621
863670
863705
863827
863890
864042
864091
864184
864351
864439
864522
864694
864825
864872
864913
864926
865010
865042
865244
865401
865486
865506
865517
865605
865628
865656
865752
865774
865818
865888
866010
866148
866173
866175
866199
866205
866269
866402
866424
866427
866470
866648
866857
866868
866895
866992
866998
867032
867103
867283
867283
867315
867358
867408
867627
867667
867669
867774
867912
867962
867981
867984
868284
868293
868307
868387
868622
868723
868747
868786
868885
868959
869052
869077
869168
869344
869460
869555
869726
869777
869792
869818
869840
870016
870091
870119
870123
870168
870529
870558
870854
870876
870973
870979
871168
871332
871377
871379
871696
871728
871866
871949
871986
872039
872059
872267
872336
872381
872675
872757
872823
872826
872907
873026
873068
873073
873086
873435
873522
873621
873632
873647
873740
873761
873778
873799
873856
873858
873910
874052
874058
874058
874082
874116
874520
874556
874627
874794
874998
875461
875481
875532
875543
875635
875660
875721
875785
875788
875816
875845
875875
875914
876035
876111
876147
876383
876423
876487
876496
876633
876722
876749
876759
876795
876926
876951
877050
877105
877122
877252
877424
877532
877562
877809
877835
877837
877931
878129
878145
878176
878335
878421
878830
878920
878999
879060
879114
879247
879266
879436
879459
879478
879481
879632
879741
879753
879808
879814
879893
879901
879982
879984
880036
880161
880208
880237
880243
880321
880687
880717
880767
880795
881045
881264
881292
881345
881466
881490
881919
882047
882048
882099
882170
882405
882538
882596
882655
882828
882985
883180
883272
883291
883420
883427
883535
883615
883638
883742
883814
883846
883900
883901
883937
884237
884244
884418
884428
884642
884852
885065
885078
885287
885363
885434
885450
885457
885514
885532
885632
885688
885785
886083
886192
886280
886283
886304
886310
886404
886500
886736
886742
886755
886758
886798
886837
886874
887006
887010
887040
887123
887188
887278
887410
887602
887670
887680
887745
887773
888052
888321
888372
888496
888578
888675
888954
889058
889155
889196
889300
889372
889491
889550
889613
889783
889819
889880
889982
890072
890074
890131
890183
890259
890290
890397
890558
890709
890771
891124
891194
891266
891301
891397
891418
891520
891558
891577
891601
891611
891696
891737
891768
891778
891803
891826
892011
892071
892151
892161
892243
892341
892362
892442
892499
892541
892629
892687
892717
892919
893219
893395
893472
893516
893763
893763
893774
893862
893893
893955
893960
893970
894212
894335
894343
894456
894577
894627
894689
894763
894780
895086
895111
895228
895257
895286
895290
895380
895401
895437
895491
895511
895677
895722
895768
895792
895799
895863
895911
896100
896211
896260
896264
896579
896745
896781
896785
896803
896983
897177
897226
897239
897242
897266
897266
897306
897312
897349
897475
897784
897874
897974
898018
898129
898224
898273
898514
898536
898584
898609
898626
898635
898646
898713
898761
898818
898946
899041
899103
899109
899126
899226
899229
899231
899237
899244
899270
899417
899440
899503
899594
899696
899701
899858
899858
899904
900028
900248
900312
900368
900369
900395
900401
900403
900553
900750
900924
900924
900965
901067
901255
901371
901536
901544
901726
901848
902011
902087
902320
902505
902693
902695
902703
902922
903034
903080
903149
903371
903484
903625
903654
903758
903761
903774
903832
903902
903909
904063
904098
904142
904181
904209
904237
904295
904312
904479
904683
904776
904864
904872
904974
905053
905111
905236
905282
905333
905342
905422
905511
905642
905809
905862
905942
905947
905975
905981
905992
905998
906105
906888
907096
907271
907326
907511
907528
907589
907610
907768
907788
907862
908013
908057
908074
908079
908093
908143
908187
908495
908540
908779
908843
908890
909151
909176
909352
909429
909568
909570
909597
909602
909652
909776
909892
909936
909986
910114
910227
910235
910267
910284
910448
910693
910804
911062
911213
911389
911488
911517
911629
911710
911834
911917
911922
911979
911980
912148
912171
912370
912426
912427
912589
912632
912721
912731
912865
913024
913091
913340
913692
913835
913847
913907
913926
914061
914102
914181
914186
914259
914353
914386
914464
914539
914685
914809
915478
915524
915803
915819
915840
915920
916089
916301
916316
916400
916830
916856
916976
917069
917137
917234
917294
917514
917522
917873
917875
917885
917961
918036
918044
918062
918066
918476
918484
918526
918635
918703
918867
919003
919043
919070
919136
919197
919277
919290
919303
919595
919660
919790
919927
919990
920004
920010
920015
920044
920065
920220
920262
920306
920313
920577
920780
920967
921074
921114
921118
921408
921515
921640
921675
921704
921751
921945
921952
922254
922313
922339
922348
922524
922661
922715
922749
922897
922969
923042
923075
923093
923097
923242
923305
923347
923380
923586
923619
923646
923687
923889
923892
924040
924102
924107
924207
924263
924315
924409
924438
924526
924570
924838
924875
924944
925000
925028
925100
925241
925592
925599
925937
925976
926091
926152
926153
926208
926255
926329
926380
926453
926560
926568
926591
926736
926970
927015
927024
927039
927075
927112
927258
927292
927824
927839
927944
927970
928016
928345
928375
928591
928645
928697
928769
928896
928908
928931
928942
928958
929180
929389
929428
929474
929671
929757
929811
929853
929855
929892
929897
929963
929993
930048
930210
930211
930285
930328
930608
930772
930808
930862
930874
930984
931038
931095
931157
931177
931197
931216
931324
931327
931587
931626
931669
931754
931879
931904
931915
932075
932181
932340
932365
932397
932661
932667
932814
932817
933019
933038
933150
933165
933361
933431
933972
934165
934203
934308
934518
934536
934763
934780
934842
935009
935209
935618
935636
935855
935905
935947
936034
936115
936266
936341
936541
936549
936554
936669
936679
936682
936757
936765
936902
937029
937183
937259
937422
937530
937567
937622
937723
937824
937901
938065
938146
938157
938236
938262
938301
938403
938453
938486
938785
938845
938878
939194
939314
939437
939470
939611
939665
939782
939838
939972
940025
940263
940566
940664
941055
941151
941160
941185
941249
941299
941332
941527
941533
941612
941637
941773
941831
941836
941900
941931
942018
942053
942179
942193
942243
942347
942727
943053
943064
943096
943099
943151
943348
943380
943429
943474
943474
943477
943585
943699
943732
943846
943849
943857
943861
943905
943947
944094
944417
944477
944571
944819
944824
945056
945104
945167
945171
945339
945343
945752
945760
945829
945833
945882
945913
945971
945996
946001
946084
946174
946228
946296
946407
946649
946800
946880
947053
947085
947438
947573
947597
947686
947716
947774
947783
948396
948685
948848
948889
949009
949018
949034
949182
949186
949207
949213
949214
949238
949250
949257
949494
949507
949616
949792
949795
949857
949977
950333
950406
950406
950447
950461
950523
950640
950685
950700
950854
950999
951009
951056
951135
951232
951236
951265
951332
951449
951458
951473
951507
951594
951631
951681
951688
951735
951852
951899
951963
951990
952006
952096
952098
952256
952496
952568
952647
952715
952734
952906
952959
953113
953235
953267
953479
954021
954066
954117
954351
954408
954458
954460
954462
954487
954553
954629
954776
955087
955223
955257
955304
955305
955316
955324
955340
955374
955380
955451
955458
955484
955555
955676
955738
955802
955833
956017
956022
956110
956152
956425
956648
956936
956971
957128
957195
957339
957579
957913
958105
958106
958109
958327
958370
958385
958445
958505
958676
958700
958779
958837
958849
958900
959182
959242
959277
959839
959851
959932
959984
960049
960127
960141
960208
960344
960487
960571
960668
960688
960697
960758
960885
960967
961024
961035
961045
961198
961200
961213
961263
961267
961269
961383
961663
961747
961752
961779
961845
961894
961904
962016
962020
962020
962022
962087
962113
962145
962242
962331
962415
962462
962553
962732
962735
962755
962814
962911
962941
962976
963027
963141
963142
963232
963343
963492
963516
963641
963924
963952
964182
964318
964326
964565
964764
964812
964932
965085
965306
965326
965363
965620
965755
966021
966052
966161
966174
966531
966746
966780
966795
966860
966962
967228
967249
967388
967414
967432
967560
967620
967677
967700
967715
967784
967909
968175
968301
968303
968336
968393
968451
968530
968534
968562
968645
968785
968793
968841
969082
969105
969179
969185
969221
969269
969318
969392
969796
969810
969941
969944
970182
970300
970417
970426
970504
970507
970757
970783
970899
970912
970930
970939
971077
971108
971183
971185
971405
971599
971705
972357
972387
972723
972798
973120
973122
973155
973232
973421
973446
973555
973595
973599
973697
973776
973868
973932
973943
973951
974056
974235
974240
974294
974299
974350
974366
974579
974593
974758
974890
975023
975188
975397
975400
975599
975713
975945
975964
976020
976179
976239
976287
976672
976783
976924
976979
977159
977189
977334
977351
977391
977410
977661
977823
977848
978074
978110
978260
978381
978440
978712
978882
978939
979105
979179
979254
979431
979557
979588
979596
979742
979754
979765
979822
979865
979884
979891
980057
980059
980468
980494
980517
980630
980715
980766
980772
980787
981114
981160
981343
981474
981494
981870
982147
982506
982507
982513
982542
982543
982695
982753
982762
982774
983030
983119
983135
983142
983206
983240
983301
983353
983368
983438
983555
983583
983603
983616
983782
984010
984072
984078
984280
984302
984362
984382
984531
984608
984621
984691
984809
984844
984899
984937
984955
985150
985207
985214
985382
985415
985497
985505
985668
985740
985782
985884
985913
986105
986344
986413
986453
986480
986983
987018
987025
987141
987175
987181
987200
987434
987478
987625
987753
987800
987872
987937
988154
988163
988244
988502
988524
988532
988739
989030
989177
989260
989376
989393
989470
989498
989499
989971
990035
990126
990179
990202
990273
990274
990275
990419
990550
990571
990653
990733
990799
990805
990851
991102
991283
991295
991526
991733
991753
991784
991811
991830
991992
992065
992088
992100
992105
992309
992332
992455
992639
992677
992694
992758
992880
992913
992983
993068
993160
993178
993228
993277
993347
993441
993453
993803
993840
993898
994084
994106
994176
994384
994388
994389
994409
994470
994518
994552
994647
994729
994913
994953
994956
994959
995134
995221
995629
995645
995701
995916
996092
996135
996230
996558
996559
996587
996619
996669
996815
996862
996865
996912
996945
997109
997214
997263
997267
997288
997303
997320
997394
997449
997496
997655
998178
998247
998251
998333
998356
998378
998400
998740
998789
999044
999093
999192
999276
999328
999490
999690
999760
999805
999815
999856
999867
999897
999995
